 0.00000000e+00  0.00000000e+00 
 1.00000000e-10  1.36835132e-10 
 1.28000014e-10  1.79070299e-10 
 1.84000042e-10  2.73896620e-10 
 2.96000098e-10  5.66412676e-10 
 5.20000209e-10  2.17570754e-09 
 9.68000432e-10  1.78950317e-08 
 1.86400088e-09  2.16492746e-07 
 3.65600177e-09  2.85892960e-06 
 7.24000356e-09  3.64435743e-05 
 1.44080071e-08  4.19587610e-04 
 2.44080071e-08  2.40125236e-03 
 3.44080071e-08  7.12880856e-03 
 4.44080071e-08  1.57070664e-02 
 5.44080071e-08  2.90621558e-02 
 6.44080071e-08  4.79456529e-02 
 7.44080071e-08  7.29431248e-02 
 8.44080071e-08  1.04483977e-01 
 9.44080071e-08  1.42852539e-01 
 1.00000000e-07  1.67345401e-01 
 1.01000000e-07  1.71991855e-01 
 1.03000000e-07  1.81423852e-01 
 1.07000000e-07  2.01101340e-01 
 1.15000000e-07  2.43422527e-01 
 1.25000000e-07  3.01011513e-01 
 1.35000000e-07  3.62533645e-01 
 1.45000000e-07  4.26637046e-01 
 1.55000000e-07  4.92082048e-01 
 1.65000000e-07  5.57747672e-01 
 1.75000000e-07  6.22634944e-01 
 1.85000000e-07  6.85868083e-01 
 1.95000000e-07  7.46693731e-01 
 2.05000000e-07  8.04478446e-01 
 2.15000000e-07  8.58704698e-01 
 2.25000000e-07  9.08965599e-01 
 2.35000000e-07  9.54958567e-01 
 2.45000000e-07  9.96478166e-01 
 2.55000000e-07  1.03340829e+00 
 2.65000000e-07  1.06571391e+00 
 2.75000000e-07  1.09343252e+00 
 2.85000000e-07  1.11666550e+00 
 2.95000000e-07  1.13556943e+00 
 3.05000000e-07  1.15034766e+00 
 3.15000000e-07  1.16124198e+00 
 3.25000000e-07  1.16852483e+00 
 3.35000000e-07  1.17249177e+00 
 3.45000000e-07  1.17345451e+00 
 3.55000000e-07  1.17173454e+00 
 3.65000000e-07  1.16765719e+00 
 3.75000000e-07  1.16154641e+00 
 3.85000000e-07  1.15372014e+00 
 3.95000000e-07  1.14448622e+00 
 4.05000000e-07  1.13413898e+00 
 4.15000000e-07  1.12295637e+00 
 4.25000000e-07  1.11119768e+00 
 4.35000000e-07  1.09910176e+00 
 4.45000000e-07  1.08688577e+00 
 4.55000000e-07  1.07474439e+00 
 4.65000000e-07  1.06284942e+00 
 4.75000000e-07  1.05134983e+00 
 4.85000000e-07  1.04037204e+00 
 4.95000000e-07  1.03002063e+00 
 5.05000000e-07  1.02037918e+00 
 5.15000000e-07  1.01151141e+00 
 5.25000000e-07  1.00346241e+00 
 5.35000000e-07  9.96260113e-01 
 5.45000000e-07  9.89916756e-01 
 5.55000000e-07  9.84430462e-01 
 5.65000000e-07  9.79786849e-01 
 5.75000000e-07  9.75960638e-01 
 5.85000000e-07  9.72917247e-01 
 5.95000000e-07  9.70614346e-01 
 6.05000000e-07  9.69003345e-01 
 6.15000000e-07  9.68030821e-01 
 6.25000000e-07  9.67639849e-01 
 6.35000000e-07  9.67771233e-01 
 6.45000000e-07  9.68364647e-01 
 6.55000000e-07  9.69359648e-01 
 6.65000000e-07  9.70696592e-01 
 6.75000000e-07  9.72317426e-01 
 6.85000000e-07  9.74166374e-01 
 6.95000000e-07  9.76190506e-01 
 7.05000000e-07  9.78340213e-01 
 7.15000000e-07  9.80569562e-01 
 7.25000000e-07  9.82836574e-01 
 7.35000000e-07  9.85103405e-01 
 7.45000000e-07  9.87336439e-01 
 7.55000000e-07  9.89506321e-01 
 7.65000000e-07  9.91587913e-01 
 7.75000000e-07  9.93560197e-01 
 7.85000000e-07  9.95406125e-01 
 7.95000000e-07  9.97112430e-01 
 8.05000000e-07  9.98669399e-01 
 8.15000000e-07  1.00007062e+00 
 8.25000000e-07  1.00131271e+00 
 8.35000000e-07  1.00239502e+00 
 8.45000000e-07  1.00331935e+00 
 8.55000000e-07  1.00408964e+00 
 8.65000000e-07  1.00471168e+00 
 8.75000000e-07  1.00519281e+00 
 8.85000000e-07  1.00554164e+00 
 8.95000000e-07  1.00576777e+00 
 9.05000000e-07  1.00588156e+00 
 9.15000000e-07  1.00589389e+00 
 9.25000000e-07  1.00581591e+00 
 9.35000000e-07  1.00565886e+00 
 9.45000000e-07  1.00543392e+00 
 9.55000000e-07  1.00515200e+00 
 9.65000000e-07  1.00482367e+00 
 9.75000000e-07  1.00445898e+00 
 9.85000000e-07  1.00406740e+00 
 9.95000000e-07  1.00365775e+00 
 1.00500000e-06  1.00323812e+00 
 1.01500000e-06  1.00281587e+00 
 1.02500000e-06  1.00239754e+00 
 1.03500000e-06  1.00198891e+00 
 1.04500000e-06  1.00159495e+00 
 1.05500000e-06  1.00121987e+00 
 1.06500000e-06  1.00086713e+00 
 1.07500000e-06  1.00053946e+00 
 1.08500000e-06  1.00023892e+00 
 1.09500000e-06  9.99966945e-01 
 1.10500000e-06  9.99724371e-01 
 1.11500000e-06  9.99511513e-01 
 1.12500000e-06  9.99328208e-01 
 1.13500000e-06  9.99173874e-01 
 1.14500000e-06  9.99047562e-01 
 1.15500000e-06  9.98948015e-01 
 1.16500000e-06  9.98873719e-01 
 1.17500000e-06  9.98822954e-01 
 1.18500000e-06  9.98793843e-01 
 1.19500000e-06  9.98784399e-01 
 1.20500000e-06  9.98792563e-01 
 1.21500000e-06  9.98816246e-01 
 1.22500000e-06  9.98853363e-01 
 1.23500000e-06  9.98901861e-01 
 1.24500000e-06  9.98959750e-01 
 1.25500000e-06  9.99025119e-01 
 1.26500000e-06  9.99096165e-01 
 1.27500000e-06  9.99171197e-01 
 1.28500000e-06  9.99248658e-01 
 1.29500000e-06  9.99327126e-01 
 1.30500000e-06  9.99405324e-01 
 1.31500000e-06  9.99482123e-01 
 1.32500000e-06  9.99556540e-01 
 1.33500000e-06  9.99627736e-01 
 1.34500000e-06  9.99695014e-01 
 1.35500000e-06  9.99757816e-01 
 1.36500000e-06  9.99815708e-01 
 1.37500000e-06  9.99868381e-01 
 1.38500000e-06  9.99915637e-01 
 1.39500000e-06  9.99957380e-01 
 1.40500000e-06  9.99993606e-01 
 1.41500000e-06  1.00002439e+00 
 1.42500000e-06  1.00004990e+00 
 1.43500000e-06  1.00007033e+00 
 1.44500000e-06  1.00008594e+00 
 1.45500000e-06  1.00009706e+00 
 1.46500000e-06  1.00010400e+00 
 1.47500000e-06  1.00010715e+00 
 1.48500000e-06  1.00010687e+00 
 1.49500000e-06  1.00010355e+00 
 1.50500000e-06  1.00009758e+00 
 1.51500000e-06  1.00008935e+00 
 1.52500000e-06  1.00007923e+00 
 1.53500000e-06  1.00006758e+00 
 1.54500000e-06  1.00005475e+00 
 1.55500000e-06  1.00004105e+00 
 1.56500000e-06  1.00002679e+00 
 1.57500000e-06  1.00001225e+00 
 1.58500000e-06  9.99997664e-01 
 1.59500000e-06  9.99983260e-01 
 1.60500000e-06  9.99969231e-01 
 1.61500000e-06  9.99955742e-01 
 1.62500000e-06  9.99942934e-01 
 1.63500000e-06  9.99930921e-01 
 1.64500000e-06  9.99919791e-01 
 1.65500000e-06  9.99909612e-01 
 1.66500000e-06  9.99900428e-01 
 1.67500000e-06  9.99892264e-01 
 1.68500000e-06  9.99885128e-01 
 1.69500000e-06  9.99879010e-01 
 1.70500000e-06  9.99873887e-01 
 1.71500000e-06  9.99869725e-01 
 1.72500000e-06  9.99866477e-01 
 1.73500000e-06  9.99864089e-01 
 1.74500000e-06  9.99862501e-01 
 1.75500000e-06  9.99861648e-01 
 1.76500000e-06  9.99861459e-01 
 1.77500000e-06  9.99861863e-01 
 1.78500000e-06  9.99862788e-01 
 1.79500000e-06  9.99864161e-01 
 1.80500000e-06  9.99865914e-01 
 1.81500000e-06  9.99867976e-01 
 1.82500000e-06  9.99870283e-01 
 1.83500000e-06  9.99872773e-01 
 1.84500000e-06  9.99875389e-01 
 1.85500000e-06  9.99878079e-01 
 1.86500000e-06  9.99880792e-01 
 1.87500000e-06  9.99883488e-01 
 1.88500000e-06  9.99886128e-01 
 1.89500000e-06  9.99888679e-01 
 1.90500000e-06  9.99891112e-01 
 1.91500000e-06  9.99893406e-01 
 1.92500000e-06  9.99895541e-01 
 1.93500000e-06  9.99897504e-01 
 1.94500000e-06  9.99899285e-01 
 1.95500000e-06  9.99900878e-01 
 1.96500000e-06  9.99902279e-01 
 1.97500000e-06  9.99903491e-01 
 1.98500000e-06  9.99904515e-01 
 1.99500000e-06  9.99905358e-01 
 2.00500000e-06  9.99906027e-01 
 2.01500000e-06  9.99906533e-01 
 2.02500000e-06  9.99906885e-01 
 2.03500000e-06  9.99907096e-01 
 2.04500000e-06  9.99907178e-01 
 2.05500000e-06  9.99907144e-01 
 2.06500000e-06  9.99907009e-01 
 2.07500000e-06  9.99906784e-01 
 2.08500000e-06  9.99906485e-01 
 2.09500000e-06  9.99906122e-01 
 2.10500000e-06  9.99905710e-01 
 2.11500000e-06  9.99905259e-01 
 2.12500000e-06  9.99904780e-01 
 2.13500000e-06  9.99904285e-01 
 2.14500000e-06  9.99903781e-01 
 2.15500000e-06  9.99903277e-01 
 2.16500000e-06  9.99902782e-01 
 2.17500000e-06  9.99902300e-01 
 2.18500000e-06  9.99901839e-01 
 2.19500000e-06  9.99901402e-01 
 2.20500000e-06  9.99900993e-01 
 2.21500000e-06  9.99900615e-01 
 2.22500000e-06  9.99900270e-01 
 2.23500000e-06  9.99899961e-01 
 2.24500000e-06  9.99899686e-01 
 2.25500000e-06  9.99899447e-01 
 2.26500000e-06  9.99899243e-01 
 2.27500000e-06  9.99899073e-01 
 2.28500000e-06  9.99898936e-01 
 2.29500000e-06  9.99898831e-01 
 2.30500000e-06  9.99898754e-01 
 2.31500000e-06  9.99898705e-01 
 2.32500000e-06  9.99898681e-01 
 2.33500000e-06  9.99898679e-01 
 2.34500000e-06  9.99898697e-01 
 2.35500000e-06  9.99898732e-01 
 2.36500000e-06  9.99898783e-01 
 2.37500000e-06  9.99898846e-01 
 2.38500000e-06  9.99898919e-01 
 2.39500000e-06  9.99899001e-01 
 2.40500000e-06  9.99899088e-01 
 2.41500000e-06  9.99899179e-01 
 2.42500000e-06  9.99899272e-01 
 2.43500000e-06  9.99899366e-01 
 2.44500000e-06  9.99899459e-01 
 2.45500000e-06  9.99899549e-01 
 2.46500000e-06  9.99899637e-01 
 2.47500000e-06  9.99899720e-01 
 2.48500000e-06  9.99899798e-01 
 2.49500000e-06  9.99899871e-01 
 2.50500000e-06  9.99899937e-01 
 2.51500000e-06  9.99899997e-01 
 2.52500000e-06  9.99900051e-01 
 2.53500000e-06  9.99900098e-01 
 2.54500000e-06  9.99900138e-01 
 2.55500000e-06  9.99900173e-01 
 2.56500000e-06  9.99900200e-01 
 2.57500000e-06  9.99900222e-01 
 2.58500000e-06  9.99900239e-01 
 2.59500000e-06  9.99900250e-01 
 2.60500000e-06  9.99900256e-01 
 2.61500000e-06  9.99900258e-01 
 2.62500000e-06  9.99900256e-01 
 2.63500000e-06  9.99900250e-01 
 2.64500000e-06  9.99900242e-01 
 2.65500000e-06  9.99900231e-01 
 2.66500000e-06  9.99900218e-01 
 2.67500000e-06  9.99900204e-01 
 2.68500000e-06  9.99900188e-01 
 2.69500000e-06  9.99900171e-01 
 2.70500000e-06  9.99900154e-01 
 2.71500000e-06  9.99900137e-01 
 2.72500000e-06  9.99900119e-01 
 2.73500000e-06  9.99900102e-01 
 2.74500000e-06  9.99900086e-01 
 2.75500000e-06  9.99900070e-01 
 2.76500000e-06  9.99900055e-01 
 2.77500000e-06  9.99900041e-01 
 2.78500000e-06  9.99900028e-01 
 2.79500000e-06  9.99900017e-01 
 2.80500000e-06  9.99900006e-01 
 2.81500000e-06  9.99899997e-01 
 2.82500000e-06  9.99899989e-01 
 2.83500000e-06  9.99899982e-01 
 2.84500000e-06  9.99899977e-01 
 2.85500000e-06  9.99899972e-01 
 2.86500000e-06  9.99899969e-01 
 2.87500000e-06  9.99899966e-01 
 2.88500000e-06  9.99899965e-01 
 2.89500000e-06  9.99899964e-01 
 2.90500000e-06  9.99899964e-01 
 2.91500000e-06  9.99899965e-01 
 2.92500000e-06  9.99899966e-01 
 2.93500000e-06  9.99899968e-01 
 2.94500000e-06  9.99899970e-01 
 2.95500000e-06  9.99899973e-01 
 2.96500000e-06  9.99899976e-01 
 2.97500000e-06  9.99899979e-01 
 2.98500000e-06  9.99899982e-01 
 2.99500000e-06  9.99899985e-01 
 3.00500000e-06  9.99899988e-01 
 3.01500000e-06  9.99899992e-01 
 3.02500000e-06  9.99899995e-01 
 3.03500000e-06  9.99899998e-01 
 3.04500000e-06  9.99900001e-01 
 3.05500000e-06  9.99900003e-01 
 3.06500000e-06  9.99900006e-01 
 3.07500000e-06  9.99900008e-01 
 3.08500000e-06  9.99900010e-01 
 3.09500000e-06  9.99900012e-01 
 3.10500000e-06  9.99900013e-01 
 3.11500000e-06  9.99900015e-01 
 3.12500000e-06  9.99900016e-01 
 3.13500000e-06  9.99900017e-01 
 3.14500000e-06  9.99900017e-01 
 3.15500000e-06  9.99900018e-01 
 3.16500000e-06  9.99900018e-01 
 3.17500000e-06  9.99900019e-01 
 3.18500000e-06  9.99900019e-01 
 3.19500000e-06  9.99900018e-01 
 3.20500000e-06  9.99900018e-01 
 3.21500000e-06  9.99900018e-01 
 3.22500000e-06  9.99900018e-01 
 3.23500000e-06  9.99900017e-01 
 3.24500000e-06  9.99900017e-01 
 3.25500000e-06  9.99900016e-01 
 3.26500000e-06  9.99900015e-01 
 3.27500000e-06  9.99900015e-01 
 3.28500000e-06  9.99900014e-01 
 3.29500000e-06  9.99900014e-01 
 3.30500000e-06  9.99900013e-01 
 3.31500000e-06  9.99900012e-01 
 3.32500000e-06  9.99900012e-01 
 3.33500000e-06  9.99900011e-01 
 3.34500000e-06  9.99900011e-01 
 3.35500000e-06  9.99900011e-01 
 3.36500000e-06  9.99900010e-01 
 3.37500000e-06  9.99900010e-01 
 3.38500000e-06  9.99900009e-01 
 3.39500000e-06  9.99900009e-01 
 3.40500000e-06  9.99900009e-01 
 3.41500000e-06  9.99900009e-01 
 3.42500000e-06  9.99900009e-01 
 3.43500000e-06  9.99900009e-01 
 3.44500000e-06  9.99900008e-01 
 3.45500000e-06  9.99900008e-01 
 3.46500000e-06  9.99900008e-01 
 3.47500000e-06  9.99900008e-01 
 3.48500000e-06  9.99900008e-01 
 3.49500000e-06  9.99900008e-01 
 3.50500000e-06  9.99900009e-01 
 3.51500000e-06  9.99900009e-01 
 3.52500000e-06  9.99900009e-01 
 3.53500000e-06  9.99900009e-01 
 3.54500000e-06  9.99900009e-01 
 3.55500000e-06  9.99900009e-01 
 3.56500000e-06  9.99900009e-01 
 3.57500000e-06  9.99900009e-01 
 3.58500000e-06  9.99900009e-01 
 3.59500000e-06  9.99900009e-01 
 3.60500000e-06  9.99900010e-01 
 3.61500000e-06  9.99900010e-01 
 3.62500000e-06  9.99900010e-01 
 3.63500000e-06  9.99900010e-01 
 3.64500000e-06  9.99900010e-01 
 3.65500000e-06  9.99900010e-01 
 3.66500000e-06  9.99900010e-01 
 3.67500000e-06  9.99900010e-01 
 3.68500000e-06  9.99900010e-01 
 3.69500000e-06  9.99900010e-01 
 3.70500000e-06  9.99900010e-01 
 3.71500000e-06  9.99900010e-01 
 3.72500000e-06  9.99900010e-01 
 3.73500000e-06  9.99900010e-01 
 3.74500000e-06  9.99900010e-01 
 3.75500000e-06  9.99900010e-01 
 3.76500000e-06  9.99900010e-01 
 3.77500000e-06  9.99900010e-01 
 3.78500000e-06  9.99900010e-01 
 3.79500000e-06  9.99900010e-01 
 3.80500000e-06  9.99900010e-01 
 3.81500000e-06  9.99900010e-01 
 3.82500000e-06  9.99900010e-01 
 3.83500000e-06  9.99900010e-01 
 3.84500000e-06  9.99900010e-01 
 3.85500000e-06  9.99900010e-01 
 3.86500000e-06  9.99900010e-01 
 3.87500000e-06  9.99900010e-01 
 3.88500000e-06  9.99900010e-01 
 3.89500000e-06  9.99900010e-01 
 3.90500000e-06  9.99900010e-01 
 3.91500000e-06  9.99900010e-01 
 3.92500000e-06  9.99900010e-01 
 3.93500000e-06  9.99900010e-01 
 3.94500000e-06  9.99900010e-01 
 3.95500000e-06  9.99900010e-01 
 3.96500000e-06  9.99900010e-01 
 3.97500000e-06  9.99900010e-01 
 3.98500000e-06  9.99900010e-01 
 3.99500000e-06  9.99900010e-01 
 4.00500000e-06  9.99900010e-01 
 4.01500000e-06  9.99900010e-01 
 4.02500000e-06  9.99900010e-01 
 4.03500000e-06  9.99900010e-01 
 4.04500000e-06  9.99900010e-01 
 4.05500000e-06  9.99900010e-01 
 4.06500000e-06  9.99900010e-01 
 4.07500000e-06  9.99900010e-01 
 4.08500000e-06  9.99900010e-01 
 4.09500000e-06  9.99900010e-01 
 4.10500000e-06  9.99900010e-01 
 4.11500000e-06  9.99900010e-01 
 4.12500000e-06  9.99900010e-01 
 4.13500000e-06  9.99900010e-01 
 4.14500000e-06  9.99900010e-01 
 4.15500000e-06  9.99900010e-01 
 4.16500000e-06  9.99900010e-01 
 4.17500000e-06  9.99900010e-01 
 4.18500000e-06  9.99900010e-01 
 4.19500000e-06  9.99900010e-01 
 4.20500000e-06  9.99900010e-01 
 4.21500000e-06  9.99900010e-01 
 4.22500000e-06  9.99900010e-01 
 4.23500000e-06  9.99900010e-01 
 4.24500000e-06  9.99900010e-01 
 4.25500000e-06  9.99900010e-01 
 4.26500000e-06  9.99900010e-01 
 4.27500000e-06  9.99900010e-01 
 4.28500000e-06  9.99900010e-01 
 4.29500000e-06  9.99900010e-01 
 4.30500000e-06  9.99900010e-01 
 4.31500000e-06  9.99900010e-01 
 4.32500000e-06  9.99900010e-01 
 4.33500000e-06  9.99900010e-01 
 4.34500000e-06  9.99900010e-01 
 4.35500000e-06  9.99900010e-01 
 4.36500000e-06  9.99900010e-01 
 4.37500000e-06  9.99900010e-01 
 4.38500000e-06  9.99900010e-01 
 4.39500000e-06  9.99900010e-01 
 4.40500000e-06  9.99900010e-01 
 4.41500000e-06  9.99900010e-01 
 4.42500000e-06  9.99900010e-01 
 4.43500000e-06  9.99900010e-01 
 4.44500000e-06  9.99900010e-01 
 4.45500000e-06  9.99900010e-01 
 4.46500000e-06  9.99900010e-01 
 4.47500000e-06  9.99900010e-01 
 4.48500000e-06  9.99900010e-01 
 4.49500000e-06  9.99900010e-01 
 4.50500000e-06  9.99900010e-01 
 4.51500000e-06  9.99900010e-01 
 4.52500000e-06  9.99900010e-01 
 4.53500000e-06  9.99900010e-01 
 4.54500000e-06  9.99900010e-01 
 4.55500000e-06  9.99900010e-01 
 4.56500000e-06  9.99900010e-01 
 4.57500000e-06  9.99900010e-01 
 4.58500000e-06  9.99900010e-01 
 4.59500000e-06  9.99900010e-01 
 4.60500000e-06  9.99900010e-01 
 4.61500000e-06  9.99900010e-01 
 4.62500000e-06  9.99900010e-01 
 4.63500000e-06  9.99900010e-01 
 4.64500000e-06  9.99900010e-01 
 4.65500000e-06  9.99900010e-01 
 4.66500000e-06  9.99900010e-01 
 4.67500000e-06  9.99900010e-01 
 4.68500000e-06  9.99900010e-01 
 4.69500000e-06  9.99900010e-01 
 4.70500000e-06  9.99900010e-01 
 4.71500000e-06  9.99900010e-01 
 4.72500000e-06  9.99900010e-01 
 4.73500000e-06  9.99900010e-01 
 4.74500000e-06  9.99900010e-01 
 4.75500000e-06  9.99900010e-01 
 4.76500000e-06  9.99900010e-01 
 4.77500000e-06  9.99900010e-01 
 4.78500000e-06  9.99900010e-01 
 4.79500000e-06  9.99900010e-01 
 4.80500000e-06  9.99900010e-01 
 4.81500000e-06  9.99900010e-01 
 4.82500000e-06  9.99900010e-01 
 4.83500000e-06  9.99900010e-01 
 4.84500000e-06  9.99900010e-01 
 4.85500000e-06  9.99900010e-01 
 4.86500000e-06  9.99900010e-01 
 4.87500000e-06  9.99900010e-01 
 4.88500000e-06  9.99900010e-01 
 4.89500000e-06  9.99900010e-01 
 4.90500000e-06  9.99900010e-01 
 4.91500000e-06  9.99900010e-01 
 4.92500000e-06  9.99900010e-01 
 4.93500000e-06  9.99900010e-01 
 4.94500000e-06  9.99900010e-01 
 4.95500000e-06  9.99900010e-01 
 4.96500000e-06  9.99900010e-01 
 4.97500000e-06  9.99900010e-01 
 4.98500000e-06  9.99900010e-01 
 4.99500000e-06  9.99900010e-01 
 5.00500000e-06  9.99900010e-01 
 5.01500000e-06  9.99900010e-01 
 5.02500000e-06  9.99900010e-01 
 5.03500000e-06  9.99900010e-01 
 5.04500000e-06  9.99900010e-01 
 5.05500000e-06  9.99900010e-01 
 5.06500000e-06  9.99900010e-01 
 5.07500000e-06  9.99900010e-01 
 5.08500000e-06  9.99900010e-01 
 5.09500000e-06  9.99900010e-01 
 5.10500000e-06  9.99900010e-01 
 5.11500000e-06  9.99900010e-01 
 5.12500000e-06  9.99900010e-01 
 5.13500000e-06  9.99900010e-01 
 5.14500000e-06  9.99900010e-01 
 5.15500000e-06  9.99900010e-01 
 5.16500000e-06  9.99900010e-01 
 5.17500000e-06  9.99900010e-01 
 5.18500000e-06  9.99900010e-01 
 5.19500000e-06  9.99900010e-01 
 5.20500000e-06  9.99900010e-01 
 5.21500000e-06  9.99900010e-01 
 5.22500000e-06  9.99900010e-01 
 5.23500000e-06  9.99900010e-01 
 5.24500000e-06  9.99900010e-01 
 5.25500000e-06  9.99900010e-01 
 5.26500000e-06  9.99900010e-01 
 5.27500000e-06  9.99900010e-01 
 5.28500000e-06  9.99900010e-01 
 5.29500000e-06  9.99900010e-01 
 5.30500000e-06  9.99900010e-01 
 5.31500000e-06  9.99900010e-01 
 5.32500000e-06  9.99900010e-01 
 5.33500000e-06  9.99900010e-01 
 5.34500000e-06  9.99900010e-01 
 5.35500000e-06  9.99900010e-01 
 5.36500000e-06  9.99900010e-01 
 5.37500000e-06  9.99900010e-01 
 5.38500000e-06  9.99900010e-01 
 5.39500000e-06  9.99900010e-01 
 5.40500000e-06  9.99900010e-01 
 5.41500000e-06  9.99900010e-01 
 5.42500000e-06  9.99900010e-01 
 5.43500000e-06  9.99900010e-01 
 5.44500000e-06  9.99900010e-01 
 5.45500000e-06  9.99900010e-01 
 5.46500000e-06  9.99900010e-01 
 5.47500000e-06  9.99900010e-01 
 5.48500000e-06  9.99900010e-01 
 5.49500000e-06  9.99900010e-01 
 5.50500000e-06  9.99900010e-01 
 5.51500000e-06  9.99900010e-01 
 5.52500000e-06  9.99900010e-01 
 5.53500000e-06  9.99900010e-01 
 5.54500000e-06  9.99900010e-01 
 5.55500000e-06  9.99900010e-01 
 5.56500000e-06  9.99900010e-01 
 5.57500000e-06  9.99900010e-01 
 5.58500000e-06  9.99900010e-01 
 5.59500000e-06  9.99900010e-01 
 5.60500000e-06  9.99900010e-01 
 5.61500000e-06  9.99900010e-01 
 5.62500000e-06  9.99900010e-01 
 5.63500000e-06  9.99900010e-01 
 5.64500000e-06  9.99900010e-01 
 5.65500000e-06  9.99900010e-01 
 5.66500000e-06  9.99900010e-01 
 5.67500000e-06  9.99900010e-01 
 5.68500000e-06  9.99900010e-01 
 5.69500000e-06  9.99900010e-01 
 5.70500000e-06  9.99900010e-01 
 5.71500000e-06  9.99900010e-01 
 5.72500000e-06  9.99900010e-01 
 5.73500000e-06  9.99900010e-01 
 5.74500000e-06  9.99900010e-01 
 5.75500000e-06  9.99900010e-01 
 5.76500000e-06  9.99900010e-01 
 5.77500000e-06  9.99900010e-01 
 5.78500000e-06  9.99900010e-01 
 5.79500000e-06  9.99900010e-01 
 5.80500000e-06  9.99900010e-01 
 5.81500000e-06  9.99900010e-01 
 5.82500000e-06  9.99900010e-01 
 5.83500000e-06  9.99900010e-01 
 5.84500000e-06  9.99900010e-01 
 5.85500000e-06  9.99900010e-01 
 5.86500000e-06  9.99900010e-01 
 5.87500000e-06  9.99900010e-01 
 5.88500000e-06  9.99900010e-01 
 5.89500000e-06  9.99900010e-01 
 5.90500000e-06  9.99900010e-01 
 5.91500000e-06  9.99900010e-01 
 5.92500000e-06  9.99900010e-01 
 5.93500000e-06  9.99900010e-01 
 5.94500000e-06  9.99900010e-01 
 5.95500000e-06  9.99900010e-01 
 5.96500000e-06  9.99900010e-01 
 5.97500000e-06  9.99900010e-01 
 5.98500000e-06  9.99900010e-01 
 5.99500000e-06  9.99900010e-01 
 6.00500000e-06  9.99900010e-01 
 6.01500000e-06  9.99900010e-01 
 6.02500000e-06  9.99900010e-01 
 6.03500000e-06  9.99900010e-01 
 6.04500000e-06  9.99900010e-01 
 6.05500000e-06  9.99900010e-01 
 6.06500000e-06  9.99900010e-01 
 6.07500000e-06  9.99900010e-01 
 6.08500000e-06  9.99900010e-01 
 6.09500000e-06  9.99900010e-01 
 6.10500000e-06  9.99900010e-01 
 6.11500000e-06  9.99900010e-01 
 6.12500000e-06  9.99900010e-01 
 6.13500000e-06  9.99900010e-01 
 6.14500000e-06  9.99900010e-01 
 6.15500000e-06  9.99900010e-01 
 6.16500000e-06  9.99900010e-01 
 6.17500000e-06  9.99900010e-01 
 6.18500000e-06  9.99900010e-01 
 6.19500000e-06  9.99900010e-01 
 6.20500000e-06  9.99900010e-01 
 6.21500000e-06  9.99900010e-01 
 6.22500000e-06  9.99900010e-01 
 6.23500000e-06  9.99900010e-01 
 6.24500000e-06  9.99900010e-01 
 6.25500000e-06  9.99900010e-01 
 6.26500000e-06  9.99900010e-01 
 6.27500000e-06  9.99900010e-01 
 6.28500000e-06  9.99900010e-01 
 6.29500000e-06  9.99900010e-01 
 6.30500000e-06  9.99900010e-01 
 6.31500000e-06  9.99900010e-01 
 6.32500000e-06  9.99900010e-01 
 6.33500000e-06  9.99900010e-01 
 6.34500000e-06  9.99900010e-01 
 6.35500000e-06  9.99900010e-01 
 6.36500000e-06  9.99900010e-01 
 6.37500000e-06  9.99900010e-01 
 6.38500000e-06  9.99900010e-01 
 6.39500000e-06  9.99900010e-01 
 6.40500000e-06  9.99900010e-01 
 6.41500000e-06  9.99900010e-01 
 6.42500000e-06  9.99900010e-01 
 6.43500000e-06  9.99900010e-01 
 6.44500000e-06  9.99900010e-01 
 6.45500000e-06  9.99900010e-01 
 6.46500000e-06  9.99900010e-01 
 6.47500000e-06  9.99900010e-01 
 6.48500000e-06  9.99900010e-01 
 6.49500000e-06  9.99900010e-01 
 6.50500000e-06  9.99900010e-01 
 6.51500000e-06  9.99900010e-01 
 6.52500000e-06  9.99900010e-01 
 6.53500000e-06  9.99900010e-01 
 6.54500000e-06  9.99900010e-01 
 6.55500000e-06  9.99900010e-01 
 6.56500000e-06  9.99900010e-01 
 6.57500000e-06  9.99900010e-01 
 6.58500000e-06  9.99900010e-01 
 6.59500000e-06  9.99900010e-01 
 6.60500000e-06  9.99900010e-01 
 6.61500000e-06  9.99900010e-01 
 6.62500000e-06  9.99900010e-01 
 6.63500000e-06  9.99900010e-01 
 6.64500000e-06  9.99900010e-01 
 6.65500000e-06  9.99900010e-01 
 6.66500000e-06  9.99900010e-01 
 6.67500000e-06  9.99900010e-01 
 6.68500000e-06  9.99900010e-01 
 6.69500000e-06  9.99900010e-01 
 6.70500000e-06  9.99900010e-01 
 6.71500000e-06  9.99900010e-01 
 6.72500000e-06  9.99900010e-01 
 6.73500000e-06  9.99900010e-01 
 6.74500000e-06  9.99900010e-01 
 6.75500000e-06  9.99900010e-01 
 6.76500000e-06  9.99900010e-01 
 6.77500000e-06  9.99900010e-01 
 6.78500000e-06  9.99900010e-01 
 6.79500000e-06  9.99900010e-01 
 6.80500000e-06  9.99900010e-01 
 6.81500000e-06  9.99900010e-01 
 6.82500000e-06  9.99900010e-01 
 6.83500000e-06  9.99900010e-01 
 6.84500000e-06  9.99900010e-01 
 6.85500000e-06  9.99900010e-01 
 6.86500000e-06  9.99900010e-01 
 6.87500000e-06  9.99900010e-01 
 6.88500000e-06  9.99900010e-01 
 6.89500000e-06  9.99900010e-01 
 6.90500000e-06  9.99900010e-01 
 6.91500000e-06  9.99900010e-01 
 6.92500000e-06  9.99900010e-01 
 6.93500000e-06  9.99900010e-01 
 6.94500000e-06  9.99900010e-01 
 6.95500000e-06  9.99900010e-01 
 6.96500000e-06  9.99900010e-01 
 6.97500000e-06  9.99900010e-01 
 6.98500000e-06  9.99900010e-01 
 6.99500000e-06  9.99900010e-01 
 7.00500000e-06  9.99900010e-01 
 7.01500000e-06  9.99900010e-01 
 7.02500000e-06  9.99900010e-01 
 7.03500000e-06  9.99900010e-01 
 7.04500000e-06  9.99900010e-01 
 7.05500000e-06  9.99900010e-01 
 7.06500000e-06  9.99900010e-01 
 7.07500000e-06  9.99900010e-01 
 7.08500000e-06  9.99900010e-01 
 7.09500000e-06  9.99900010e-01 
 7.10500000e-06  9.99900010e-01 
 7.11500000e-06  9.99900010e-01 
 7.12500000e-06  9.99900010e-01 
 7.13500000e-06  9.99900010e-01 
 7.14500000e-06  9.99900010e-01 
 7.15500000e-06  9.99900010e-01 
 7.16500000e-06  9.99900010e-01 
 7.17500000e-06  9.99900010e-01 
 7.18500000e-06  9.99900010e-01 
 7.19500000e-06  9.99900010e-01 
 7.20500000e-06  9.99900010e-01 
 7.21500000e-06  9.99900010e-01 
 7.22500000e-06  9.99900010e-01 
 7.23500000e-06  9.99900010e-01 
 7.24500000e-06  9.99900010e-01 
 7.25500000e-06  9.99900010e-01 
 7.26500000e-06  9.99900010e-01 
 7.27500000e-06  9.99900010e-01 
 7.28500000e-06  9.99900010e-01 
 7.29500000e-06  9.99900010e-01 
 7.30500000e-06  9.99900010e-01 
 7.31500000e-06  9.99900010e-01 
 7.32500000e-06  9.99900010e-01 
 7.33500000e-06  9.99900010e-01 
 7.34500000e-06  9.99900010e-01 
 7.35500000e-06  9.99900010e-01 
 7.36500000e-06  9.99900010e-01 
 7.37500000e-06  9.99900010e-01 
 7.38500000e-06  9.99900010e-01 
 7.39500000e-06  9.99900010e-01 
 7.40500000e-06  9.99900010e-01 
 7.41500000e-06  9.99900010e-01 
 7.42500000e-06  9.99900010e-01 
 7.43500000e-06  9.99900010e-01 
 7.44500000e-06  9.99900010e-01 
 7.45500000e-06  9.99900010e-01 
 7.46500000e-06  9.99900010e-01 
 7.47500000e-06  9.99900010e-01 
 7.48500000e-06  9.99900010e-01 
 7.49500000e-06  9.99900010e-01 
 7.50500000e-06  9.99900010e-01 
 7.51500000e-06  9.99900010e-01 
 7.52500000e-06  9.99900010e-01 
 7.53500000e-06  9.99900010e-01 
 7.54500000e-06  9.99900010e-01 
 7.55500000e-06  9.99900010e-01 
 7.56500000e-06  9.99900010e-01 
 7.57500000e-06  9.99900010e-01 
 7.58500000e-06  9.99900010e-01 
 7.59500000e-06  9.99900010e-01 
 7.60500000e-06  9.99900010e-01 
 7.61500000e-06  9.99900010e-01 
 7.62500000e-06  9.99900010e-01 
 7.63500000e-06  9.99900010e-01 
 7.64500000e-06  9.99900010e-01 
 7.65500000e-06  9.99900010e-01 
 7.66500000e-06  9.99900010e-01 
 7.67500000e-06  9.99900010e-01 
 7.68500000e-06  9.99900010e-01 
 7.69500000e-06  9.99900010e-01 
 7.70500000e-06  9.99900010e-01 
 7.71500000e-06  9.99900010e-01 
 7.72500000e-06  9.99900010e-01 
 7.73500000e-06  9.99900010e-01 
 7.74500000e-06  9.99900010e-01 
 7.75500000e-06  9.99900010e-01 
 7.76500000e-06  9.99900010e-01 
 7.77500000e-06  9.99900010e-01 
 7.78500000e-06  9.99900010e-01 
 7.79500000e-06  9.99900010e-01 
 7.80500000e-06  9.99900010e-01 
 7.81500000e-06  9.99900010e-01 
 7.82500000e-06  9.99900010e-01 
 7.83500000e-06  9.99900010e-01 
 7.84500000e-06  9.99900010e-01 
 7.85500000e-06  9.99900010e-01 
 7.86500000e-06  9.99900010e-01 
 7.87500000e-06  9.99900010e-01 
 7.88500000e-06  9.99900010e-01 
 7.89500000e-06  9.99900010e-01 
 7.90500000e-06  9.99900010e-01 
 7.91500000e-06  9.99900010e-01 
 7.92500000e-06  9.99900010e-01 
 7.93500000e-06  9.99900010e-01 
 7.94500000e-06  9.99900010e-01 
 7.95500000e-06  9.99900010e-01 
 7.96500000e-06  9.99900010e-01 
 7.97500000e-06  9.99900010e-01 
 7.98500000e-06  9.99900010e-01 
 7.99500000e-06  9.99900010e-01 
 8.00500000e-06  9.99900010e-01 
 8.01500000e-06  9.99900010e-01 
 8.02500000e-06  9.99900010e-01 
 8.03500000e-06  9.99900010e-01 
 8.04500000e-06  9.99900010e-01 
 8.05500000e-06  9.99900010e-01 
 8.06500000e-06  9.99900010e-01 
 8.07500000e-06  9.99900010e-01 
 8.08500000e-06  9.99900010e-01 
 8.09500000e-06  9.99900010e-01 
 8.10500000e-06  9.99900010e-01 
 8.11500000e-06  9.99900010e-01 
 8.12500000e-06  9.99900010e-01 
 8.13500000e-06  9.99900010e-01 
 8.14500000e-06  9.99900010e-01 
 8.15500000e-06  9.99900010e-01 
 8.16500000e-06  9.99900010e-01 
 8.17500000e-06  9.99900010e-01 
 8.18500000e-06  9.99900010e-01 
 8.19500000e-06  9.99900010e-01 
 8.20500000e-06  9.99900010e-01 
 8.21500000e-06  9.99900010e-01 
 8.22500000e-06  9.99900010e-01 
 8.23500000e-06  9.99900010e-01 
 8.24500000e-06  9.99900010e-01 
 8.25500000e-06  9.99900010e-01 
 8.26500000e-06  9.99900010e-01 
 8.27500000e-06  9.99900010e-01 
 8.28500000e-06  9.99900010e-01 
 8.29500000e-06  9.99900010e-01 
 8.30500000e-06  9.99900010e-01 
 8.31500000e-06  9.99900010e-01 
 8.32500000e-06  9.99900010e-01 
 8.33500000e-06  9.99900010e-01 
 8.34500000e-06  9.99900010e-01 
 8.35500000e-06  9.99900010e-01 
 8.36500000e-06  9.99900010e-01 
 8.37500000e-06  9.99900010e-01 
 8.38500000e-06  9.99900010e-01 
 8.39500000e-06  9.99900010e-01 
 8.40500000e-06  9.99900010e-01 
 8.41500000e-06  9.99900010e-01 
 8.42500000e-06  9.99900010e-01 
 8.43500000e-06  9.99900010e-01 
 8.44500000e-06  9.99900010e-01 
 8.45500000e-06  9.99900010e-01 
 8.46500000e-06  9.99900010e-01 
 8.47500000e-06  9.99900010e-01 
 8.48500000e-06  9.99900010e-01 
 8.49500000e-06  9.99900010e-01 
 8.50500000e-06  9.99900010e-01 
 8.51500000e-06  9.99900010e-01 
 8.52500000e-06  9.99900010e-01 
 8.53500000e-06  9.99900010e-01 
 8.54500000e-06  9.99900010e-01 
 8.55500000e-06  9.99900010e-01 
 8.56500000e-06  9.99900010e-01 
 8.57500000e-06  9.99900010e-01 
 8.58500000e-06  9.99900010e-01 
 8.59500000e-06  9.99900010e-01 
 8.60500000e-06  9.99900010e-01 
 8.61500000e-06  9.99900010e-01 
 8.62500000e-06  9.99900010e-01 
 8.63500000e-06  9.99900010e-01 
 8.64500000e-06  9.99900010e-01 
 8.65500000e-06  9.99900010e-01 
 8.66500000e-06  9.99900010e-01 
 8.67500000e-06  9.99900010e-01 
 8.68500000e-06  9.99900010e-01 
 8.69500000e-06  9.99900010e-01 
 8.70500000e-06  9.99900010e-01 
 8.71500000e-06  9.99900010e-01 
 8.72500000e-06  9.99900010e-01 
 8.73500000e-06  9.99900010e-01 
 8.74500000e-06  9.99900010e-01 
 8.75500000e-06  9.99900010e-01 
 8.76500000e-06  9.99900010e-01 
 8.77500000e-06  9.99900010e-01 
 8.78500000e-06  9.99900010e-01 
 8.79500000e-06  9.99900010e-01 
 8.80500000e-06  9.99900010e-01 
 8.81500000e-06  9.99900010e-01 
 8.82500000e-06  9.99900010e-01 
 8.83500000e-06  9.99900010e-01 
 8.84500000e-06  9.99900010e-01 
 8.85500000e-06  9.99900010e-01 
 8.86500000e-06  9.99900010e-01 
 8.87500000e-06  9.99900010e-01 
 8.88500000e-06  9.99900010e-01 
 8.89500000e-06  9.99900010e-01 
 8.90500000e-06  9.99900010e-01 
 8.91500000e-06  9.99900010e-01 
 8.92500000e-06  9.99900010e-01 
 8.93500000e-06  9.99900010e-01 
 8.94500000e-06  9.99900010e-01 
 8.95500000e-06  9.99900010e-01 
 8.96500000e-06  9.99900010e-01 
 8.97500000e-06  9.99900010e-01 
 8.98500000e-06  9.99900010e-01 
 8.99500000e-06  9.99900010e-01 
 9.00500000e-06  9.99900010e-01 
 9.01500000e-06  9.99900010e-01 
 9.02500000e-06  9.99900010e-01 
 9.03500000e-06  9.99900010e-01 
 9.04500000e-06  9.99900010e-01 
 9.05500000e-06  9.99900010e-01 
 9.06500000e-06  9.99900010e-01 
 9.07500000e-06  9.99900010e-01 
 9.08500000e-06  9.99900010e-01 
 9.09500000e-06  9.99900010e-01 
 9.10500000e-06  9.99900010e-01 
 9.11500000e-06  9.99900010e-01 
 9.12500000e-06  9.99900010e-01 
 9.13500000e-06  9.99900010e-01 
 9.14500000e-06  9.99900010e-01 
 9.15500000e-06  9.99900010e-01 
 9.16500000e-06  9.99900010e-01 
 9.17500000e-06  9.99900010e-01 
 9.18500000e-06  9.99900010e-01 
 9.19500000e-06  9.99900010e-01 
 9.20500000e-06  9.99900010e-01 
 9.21500000e-06  9.99900010e-01 
 9.22500000e-06  9.99900010e-01 
 9.23500000e-06  9.99900010e-01 
 9.24500000e-06  9.99900010e-01 
 9.25500000e-06  9.99900010e-01 
 9.26500000e-06  9.99900010e-01 
 9.27500000e-06  9.99900010e-01 
 9.28500000e-06  9.99900010e-01 
 9.29500000e-06  9.99900010e-01 
 9.30500000e-06  9.99900010e-01 
 9.31500000e-06  9.99900010e-01 
 9.32500000e-06  9.99900010e-01 
 9.33500000e-06  9.99900010e-01 
 9.34500000e-06  9.99900010e-01 
 9.35500000e-06  9.99900010e-01 
 9.36500000e-06  9.99900010e-01 
 9.37500000e-06  9.99900010e-01 
 9.38500000e-06  9.99900010e-01 
 9.39500000e-06  9.99900010e-01 
 9.40500000e-06  9.99900010e-01 
 9.41500000e-06  9.99900010e-01 
 9.42500000e-06  9.99900010e-01 
 9.43500000e-06  9.99900010e-01 
 9.44500000e-06  9.99900010e-01 
 9.45500000e-06  9.99900010e-01 
 9.46500000e-06  9.99900010e-01 
 9.47500000e-06  9.99900010e-01 
 9.48500000e-06  9.99900010e-01 
 9.49500000e-06  9.99900010e-01 
 9.50500000e-06  9.99900010e-01 
 9.51500000e-06  9.99900010e-01 
 9.52500000e-06  9.99900010e-01 
 9.53500000e-06  9.99900010e-01 
 9.54500000e-06  9.99900010e-01 
 9.55500000e-06  9.99900010e-01 
 9.56500000e-06  9.99900010e-01 
 9.57500000e-06  9.99900010e-01 
 9.58500000e-06  9.99900010e-01 
 9.59500000e-06  9.99900010e-01 
 9.60500000e-06  9.99900010e-01 
 9.61500000e-06  9.99900010e-01 
 9.62500000e-06  9.99900010e-01 
 9.63500000e-06  9.99900010e-01 
 9.64500000e-06  9.99900010e-01 
 9.65500000e-06  9.99900010e-01 
 9.66500000e-06  9.99900010e-01 
 9.67500000e-06  9.99900010e-01 
 9.68500000e-06  9.99900010e-01 
 9.69500000e-06  9.99900010e-01 
 9.70500000e-06  9.99900010e-01 
 9.71500000e-06  9.99900010e-01 
 9.72500000e-06  9.99900010e-01 
 9.73500000e-06  9.99900010e-01 
 9.74500000e-06  9.99900010e-01 
 9.75500000e-06  9.99900010e-01 
 9.76500000e-06  9.99900010e-01 
 9.77500000e-06  9.99900010e-01 
 9.78500000e-06  9.99900010e-01 
 9.79500000e-06  9.99900010e-01 
 9.80500000e-06  9.99900010e-01 
 9.81500000e-06  9.99900010e-01 
 9.82500000e-06  9.99900010e-01 
 9.83500000e-06  9.99900010e-01 
 9.84500000e-06  9.99900010e-01 
 9.85500000e-06  9.99900010e-01 
 9.86500000e-06  9.99900010e-01 
 9.87500000e-06  9.99900010e-01 
 9.88500000e-06  9.99900010e-01 
 9.89500000e-06  9.99900010e-01 
 9.90500000e-06  9.99900010e-01 
 9.91500000e-06  9.99900010e-01 
 9.92500000e-06  9.99900010e-01 
 9.93500000e-06  9.99900010e-01 
 9.94500000e-06  9.99900010e-01 
 9.95500000e-06  9.99900010e-01 
 9.96500000e-06  9.99900010e-01 
 9.97500000e-06  9.99900010e-01 
 9.98500000e-06  9.99900010e-01 
 9.99500000e-06  9.99900010e-01 
 1.00000000e-05  9.99900010e-01 
 1.00010000e-05  9.99900010e-01 
 1.00030000e-05  9.99900010e-01 
 1.00070000e-05  9.99900010e-01 
 1.00150000e-05  9.99900010e-01 
 1.00250000e-05  9.99900010e-01 
 1.00350000e-05  9.99900010e-01 
 1.00450000e-05  9.99900010e-01 
 1.00550000e-05  9.99900010e-01 
 1.00650000e-05  9.99900010e-01 
 1.00750000e-05  9.99900010e-01 
 1.00850000e-05  9.99900010e-01 
 1.00950000e-05  9.99900010e-01 
 1.01050000e-05  9.99900010e-01 
 1.01150000e-05  9.99900010e-01 
 1.01250000e-05  9.99900010e-01 
 1.01350000e-05  9.99900010e-01 
 1.01450000e-05  9.99900010e-01 
 1.01550000e-05  9.99900010e-01 
 1.01650000e-05  9.99900010e-01 
 1.01750000e-05  9.99900010e-01 
 1.01850000e-05  9.99900010e-01 
 1.01950000e-05  9.99900010e-01 
 1.02050000e-05  9.99900010e-01 
 1.02150000e-05  9.99900010e-01 
 1.02250000e-05  9.99900010e-01 
 1.02350000e-05  9.99900010e-01 
 1.02450000e-05  9.99900010e-01 
 1.02550000e-05  9.99900010e-01 
 1.02650000e-05  9.99900010e-01 
 1.02750000e-05  9.99900010e-01 
 1.02850000e-05  9.99900010e-01 
 1.02950000e-05  9.99900010e-01 
 1.03050000e-05  9.99900010e-01 
 1.03150000e-05  9.99900010e-01 
 1.03250000e-05  9.99900010e-01 
 1.03350000e-05  9.99900010e-01 
 1.03450000e-05  9.99900010e-01 
 1.03550000e-05  9.99900010e-01 
 1.03650000e-05  9.99900010e-01 
 1.03750000e-05  9.99900010e-01 
 1.03850000e-05  9.99900010e-01 
 1.03950000e-05  9.99900010e-01 
 1.04050000e-05  9.99900010e-01 
 1.04150000e-05  9.99900010e-01 
 1.04250000e-05  9.99900010e-01 
 1.04350000e-05  9.99900010e-01 
 1.04450000e-05  9.99900010e-01 
 1.04550000e-05  9.99900010e-01 
 1.04650000e-05  9.99900010e-01 
 1.04750000e-05  9.99900010e-01 
 1.04850000e-05  9.99900010e-01 
 1.04950000e-05  9.99900010e-01 
 1.05050000e-05  9.99900010e-01 
 1.05150000e-05  9.99900010e-01 
 1.05250000e-05  9.99900010e-01 
 1.05350000e-05  9.99900010e-01 
 1.05450000e-05  9.99900010e-01 
 1.05550000e-05  9.99900010e-01 
 1.05650000e-05  9.99900010e-01 
 1.05750000e-05  9.99900010e-01 
 1.05850000e-05  9.99900010e-01 
 1.05950000e-05  9.99900010e-01 
 1.06050000e-05  9.99900010e-01 
 1.06150000e-05  9.99900010e-01 
 1.06250000e-05  9.99900010e-01 
 1.06350000e-05  9.99900010e-01 
 1.06450000e-05  9.99900010e-01 
 1.06550000e-05  9.99900010e-01 
 1.06650000e-05  9.99900010e-01 
 1.06750000e-05  9.99900010e-01 
 1.06850000e-05  9.99900010e-01 
 1.06950000e-05  9.99900010e-01 
 1.07050000e-05  9.99900010e-01 
 1.07150000e-05  9.99900010e-01 
 1.07250000e-05  9.99900010e-01 
 1.07350000e-05  9.99900010e-01 
 1.07450000e-05  9.99900010e-01 
 1.07550000e-05  9.99900010e-01 
 1.07650000e-05  9.99900010e-01 
 1.07750000e-05  9.99900010e-01 
 1.07850000e-05  9.99900010e-01 
 1.07950000e-05  9.99900010e-01 
 1.08050000e-05  9.99900010e-01 
 1.08150000e-05  9.99900010e-01 
 1.08250000e-05  9.99900010e-01 
 1.08350000e-05  9.99900010e-01 
 1.08450000e-05  9.99900010e-01 
 1.08550000e-05  9.99900010e-01 
 1.08650000e-05  9.99900010e-01 
 1.08750000e-05  9.99900010e-01 
 1.08850000e-05  9.99900010e-01 
 1.08950000e-05  9.99900010e-01 
 1.09050000e-05  9.99900010e-01 
 1.09150000e-05  9.99900010e-01 
 1.09250000e-05  9.99900010e-01 
 1.09350000e-05  9.99900010e-01 
 1.09450000e-05  9.99900010e-01 
 1.09550000e-05  9.99900010e-01 
 1.09650000e-05  9.99900010e-01 
 1.09750000e-05  9.99900010e-01 
 1.09850000e-05  9.99900010e-01 
 1.09950000e-05  9.99900010e-01 
 1.10050000e-05  9.99900010e-01 
 1.10150000e-05  9.99900010e-01 
 1.10250000e-05  9.99900010e-01 
 1.10350000e-05  9.99900010e-01 
 1.10450000e-05  9.99900010e-01 
 1.10550000e-05  9.99900010e-01 
 1.10650000e-05  9.99900010e-01 
 1.10750000e-05  9.99900010e-01 
 1.10850000e-05  9.99900010e-01 
 1.10950000e-05  9.99900010e-01 
 1.11050000e-05  9.99900010e-01 
 1.11150000e-05  9.99900010e-01 
 1.11250000e-05  9.99900010e-01 
 1.11350000e-05  9.99900010e-01 
 1.11450000e-05  9.99900010e-01 
 1.11550000e-05  9.99900010e-01 
 1.11650000e-05  9.99900010e-01 
 1.11750000e-05  9.99900010e-01 
 1.11850000e-05  9.99900010e-01 
 1.11950000e-05  9.99900010e-01 
 1.12050000e-05  9.99900010e-01 
 1.12150000e-05  9.99900010e-01 
 1.12250000e-05  9.99900010e-01 
 1.12350000e-05  9.99900010e-01 
 1.12450000e-05  9.99900010e-01 
 1.12550000e-05  9.99900010e-01 
 1.12650000e-05  9.99900010e-01 
 1.12750000e-05  9.99900010e-01 
 1.12850000e-05  9.99900010e-01 
 1.12950000e-05  9.99900010e-01 
 1.13050000e-05  9.99900010e-01 
 1.13150000e-05  9.99900010e-01 
 1.13250000e-05  9.99900010e-01 
 1.13350000e-05  9.99900010e-01 
 1.13450000e-05  9.99900010e-01 
 1.13550000e-05  9.99900010e-01 
 1.13650000e-05  9.99900010e-01 
 1.13750000e-05  9.99900010e-01 
 1.13850000e-05  9.99900010e-01 
 1.13950000e-05  9.99900010e-01 
 1.14050000e-05  9.99900010e-01 
 1.14150000e-05  9.99900010e-01 
 1.14250000e-05  9.99900010e-01 
 1.14350000e-05  9.99900010e-01 
 1.14450000e-05  9.99900010e-01 
 1.14550000e-05  9.99900010e-01 
 1.14650000e-05  9.99900010e-01 
 1.14750000e-05  9.99900010e-01 
 1.14850000e-05  9.99900010e-01 
 1.14950000e-05  9.99900010e-01 
 1.15050000e-05  9.99900010e-01 
 1.15150000e-05  9.99900010e-01 
 1.15250000e-05  9.99900010e-01 
 1.15350000e-05  9.99900010e-01 
 1.15450000e-05  9.99900010e-01 
 1.15550000e-05  9.99900010e-01 
 1.15650000e-05  9.99900010e-01 
 1.15750000e-05  9.99900010e-01 
 1.15850000e-05  9.99900010e-01 
 1.15950000e-05  9.99900010e-01 
 1.16050000e-05  9.99900010e-01 
 1.16150000e-05  9.99900010e-01 
 1.16250000e-05  9.99900010e-01 
 1.16350000e-05  9.99900010e-01 
 1.16450000e-05  9.99900010e-01 
 1.16550000e-05  9.99900010e-01 
 1.16650000e-05  9.99900010e-01 
 1.16750000e-05  9.99900010e-01 
 1.16850000e-05  9.99900010e-01 
 1.16950000e-05  9.99900010e-01 
 1.17050000e-05  9.99900010e-01 
 1.17150000e-05  9.99900010e-01 
 1.17250000e-05  9.99900010e-01 
 1.17350000e-05  9.99900010e-01 
 1.17450000e-05  9.99900010e-01 
 1.17550000e-05  9.99900010e-01 
 1.17650000e-05  9.99900010e-01 
 1.17750000e-05  9.99900010e-01 
 1.17850000e-05  9.99900010e-01 
 1.17950000e-05  9.99900010e-01 
 1.18050000e-05  9.99900010e-01 
 1.18150000e-05  9.99900010e-01 
 1.18250000e-05  9.99900010e-01 
 1.18350000e-05  9.99900010e-01 
 1.18450000e-05  9.99900010e-01 
 1.18550000e-05  9.99900010e-01 
 1.18650000e-05  9.99900010e-01 
 1.18750000e-05  9.99900010e-01 
 1.18850000e-05  9.99900010e-01 
 1.18950000e-05  9.99900010e-01 
 1.19050000e-05  9.99900010e-01 
 1.19150000e-05  9.99900010e-01 
 1.19250000e-05  9.99900010e-01 
 1.19350000e-05  9.99900010e-01 
 1.19450000e-05  9.99900010e-01 
 1.19550000e-05  9.99900010e-01 
 1.19650000e-05  9.99900010e-01 
 1.19750000e-05  9.99900010e-01 
 1.19850000e-05  9.99900010e-01 
 1.19950000e-05  9.99900010e-01 
 1.20050000e-05  9.99900010e-01 
 1.20150000e-05  9.99900010e-01 
 1.20250000e-05  9.99900010e-01 
 1.20350000e-05  9.99900010e-01 
 1.20450000e-05  9.99900010e-01 
 1.20550000e-05  9.99900010e-01 
 1.20650000e-05  9.99900010e-01 
 1.20750000e-05  9.99900010e-01 
 1.20850000e-05  9.99900010e-01 
 1.20950000e-05  9.99900010e-01 
 1.21050000e-05  9.99900010e-01 
 1.21150000e-05  9.99900010e-01 
 1.21250000e-05  9.99900010e-01 
 1.21350000e-05  9.99900010e-01 
 1.21450000e-05  9.99900010e-01 
 1.21550000e-05  9.99900010e-01 
 1.21650000e-05  9.99900010e-01 
 1.21750000e-05  9.99900010e-01 
 1.21850000e-05  9.99900010e-01 
 1.21950000e-05  9.99900010e-01 
 1.22050000e-05  9.99900010e-01 
 1.22150000e-05  9.99900010e-01 
 1.22250000e-05  9.99900010e-01 
 1.22350000e-05  9.99900010e-01 
 1.22450000e-05  9.99900010e-01 
 1.22550000e-05  9.99900010e-01 
 1.22650000e-05  9.99900010e-01 
 1.22750000e-05  9.99900010e-01 
 1.22850000e-05  9.99900010e-01 
 1.22950000e-05  9.99900010e-01 
 1.23050000e-05  9.99900010e-01 
 1.23150000e-05  9.99900010e-01 
 1.23250000e-05  9.99900010e-01 
 1.23350000e-05  9.99900010e-01 
 1.23450000e-05  9.99900010e-01 
 1.23550000e-05  9.99900010e-01 
 1.23650000e-05  9.99900010e-01 
 1.23750000e-05  9.99900010e-01 
 1.23850000e-05  9.99900010e-01 
 1.23950000e-05  9.99900010e-01 
 1.24050000e-05  9.99900010e-01 
 1.24150000e-05  9.99900010e-01 
 1.24250000e-05  9.99900010e-01 
 1.24350000e-05  9.99900010e-01 
 1.24450000e-05  9.99900010e-01 
 1.24550000e-05  9.99900010e-01 
 1.24650000e-05  9.99900010e-01 
 1.24750000e-05  9.99900010e-01 
 1.24850000e-05  9.99900010e-01 
 1.24950000e-05  9.99900010e-01 
 1.25050000e-05  9.99900010e-01 
 1.25150000e-05  9.99900010e-01 
 1.25250000e-05  9.99900010e-01 
 1.25350000e-05  9.99900010e-01 
 1.25450000e-05  9.99900010e-01 
 1.25550000e-05  9.99900010e-01 
 1.25650000e-05  9.99900010e-01 
 1.25750000e-05  9.99900010e-01 
 1.25850000e-05  9.99900010e-01 
 1.25950000e-05  9.99900010e-01 
 1.26050000e-05  9.99900010e-01 
 1.26150000e-05  9.99900010e-01 
 1.26250000e-05  9.99900010e-01 
 1.26350000e-05  9.99900010e-01 
 1.26450000e-05  9.99900010e-01 
 1.26550000e-05  9.99900010e-01 
 1.26650000e-05  9.99900010e-01 
 1.26750000e-05  9.99900010e-01 
 1.26850000e-05  9.99900010e-01 
 1.26950000e-05  9.99900010e-01 
 1.27050000e-05  9.99900010e-01 
 1.27150000e-05  9.99900010e-01 
 1.27250000e-05  9.99900010e-01 
 1.27350000e-05  9.99900010e-01 
 1.27450000e-05  9.99900010e-01 
 1.27550000e-05  9.99900010e-01 
 1.27650000e-05  9.99900010e-01 
 1.27750000e-05  9.99900010e-01 
 1.27850000e-05  9.99900010e-01 
 1.27950000e-05  9.99900010e-01 
 1.28050000e-05  9.99900010e-01 
 1.28150000e-05  9.99900010e-01 
 1.28250000e-05  9.99900010e-01 
 1.28350000e-05  9.99900010e-01 
 1.28450000e-05  9.99900010e-01 
 1.28550000e-05  9.99900010e-01 
 1.28650000e-05  9.99900010e-01 
 1.28750000e-05  9.99900010e-01 
 1.28850000e-05  9.99900010e-01 
 1.28950000e-05  9.99900010e-01 
 1.29050000e-05  9.99900010e-01 
 1.29150000e-05  9.99900010e-01 
 1.29250000e-05  9.99900010e-01 
 1.29350000e-05  9.99900010e-01 
 1.29450000e-05  9.99900010e-01 
 1.29550000e-05  9.99900010e-01 
 1.29650000e-05  9.99900010e-01 
 1.29750000e-05  9.99900010e-01 
 1.29850000e-05  9.99900010e-01 
 1.29950000e-05  9.99900010e-01 
 1.30050000e-05  9.99900010e-01 
 1.30150000e-05  9.99900010e-01 
 1.30250000e-05  9.99900010e-01 
 1.30350000e-05  9.99900010e-01 
 1.30450000e-05  9.99900010e-01 
 1.30550000e-05  9.99900010e-01 
 1.30650000e-05  9.99900010e-01 
 1.30750000e-05  9.99900010e-01 
 1.30850000e-05  9.99900010e-01 
 1.30950000e-05  9.99900010e-01 
 1.31050000e-05  9.99900010e-01 
 1.31150000e-05  9.99900010e-01 
 1.31250000e-05  9.99900010e-01 
 1.31350000e-05  9.99900010e-01 
 1.31450000e-05  9.99900010e-01 
 1.31550000e-05  9.99900010e-01 
 1.31650000e-05  9.99900010e-01 
 1.31750000e-05  9.99900010e-01 
 1.31850000e-05  9.99900010e-01 
 1.31950000e-05  9.99900010e-01 
 1.32050000e-05  9.99900010e-01 
 1.32150000e-05  9.99900010e-01 
 1.32250000e-05  9.99900010e-01 
 1.32350000e-05  9.99900010e-01 
 1.32450000e-05  9.99900010e-01 
 1.32550000e-05  9.99900010e-01 
 1.32650000e-05  9.99900010e-01 
 1.32750000e-05  9.99900010e-01 
 1.32850000e-05  9.99900010e-01 
 1.32950000e-05  9.99900010e-01 
 1.33050000e-05  9.99900010e-01 
 1.33150000e-05  9.99900010e-01 
 1.33250000e-05  9.99900010e-01 
 1.33350000e-05  9.99900010e-01 
 1.33450000e-05  9.99900010e-01 
 1.33550000e-05  9.99900010e-01 
 1.33650000e-05  9.99900010e-01 
 1.33750000e-05  9.99900010e-01 
 1.33850000e-05  9.99900010e-01 
 1.33950000e-05  9.99900010e-01 
 1.34050000e-05  9.99900010e-01 
 1.34150000e-05  9.99900010e-01 
 1.34250000e-05  9.99900010e-01 
 1.34350000e-05  9.99900010e-01 
 1.34450000e-05  9.99900010e-01 
 1.34550000e-05  9.99900010e-01 
 1.34650000e-05  9.99900010e-01 
 1.34750000e-05  9.99900010e-01 
 1.34850000e-05  9.99900010e-01 
 1.34950000e-05  9.99900010e-01 
 1.35050000e-05  9.99900010e-01 
 1.35150000e-05  9.99900010e-01 
 1.35250000e-05  9.99900010e-01 
 1.35350000e-05  9.99900010e-01 
 1.35450000e-05  9.99900010e-01 
 1.35550000e-05  9.99900010e-01 
 1.35650000e-05  9.99900010e-01 
 1.35750000e-05  9.99900010e-01 
 1.35850000e-05  9.99900010e-01 
 1.35950000e-05  9.99900010e-01 
 1.36050000e-05  9.99900010e-01 
 1.36150000e-05  9.99900010e-01 
 1.36250000e-05  9.99900010e-01 
 1.36350000e-05  9.99900010e-01 
 1.36450000e-05  9.99900010e-01 
 1.36550000e-05  9.99900010e-01 
 1.36650000e-05  9.99900010e-01 
 1.36750000e-05  9.99900010e-01 
 1.36850000e-05  9.99900010e-01 
 1.36950000e-05  9.99900010e-01 
 1.37050000e-05  9.99900010e-01 
 1.37150000e-05  9.99900010e-01 
 1.37250000e-05  9.99900010e-01 
 1.37350000e-05  9.99900010e-01 
 1.37450000e-05  9.99900010e-01 
 1.37550000e-05  9.99900010e-01 
 1.37650000e-05  9.99900010e-01 
 1.37750000e-05  9.99900010e-01 
 1.37850000e-05  9.99900010e-01 
 1.37950000e-05  9.99900010e-01 
 1.38050000e-05  9.99900010e-01 
 1.38150000e-05  9.99900010e-01 
 1.38250000e-05  9.99900010e-01 
 1.38350000e-05  9.99900010e-01 
 1.38450000e-05  9.99900010e-01 
 1.38550000e-05  9.99900010e-01 
 1.38650000e-05  9.99900010e-01 
 1.38750000e-05  9.99900010e-01 
 1.38850000e-05  9.99900010e-01 
 1.38950000e-05  9.99900010e-01 
 1.39050000e-05  9.99900010e-01 
 1.39150000e-05  9.99900010e-01 
 1.39250000e-05  9.99900010e-01 
 1.39350000e-05  9.99900010e-01 
 1.39450000e-05  9.99900010e-01 
 1.39550000e-05  9.99900010e-01 
 1.39650000e-05  9.99900010e-01 
 1.39750000e-05  9.99900010e-01 
 1.39850000e-05  9.99900010e-01 
 1.39950000e-05  9.99900010e-01 
 1.40050000e-05  9.99900010e-01 
 1.40150000e-05  9.99900010e-01 
 1.40250000e-05  9.99900010e-01 
 1.40350000e-05  9.99900010e-01 
 1.40450000e-05  9.99900010e-01 
 1.40550000e-05  9.99900010e-01 
 1.40650000e-05  9.99900010e-01 
 1.40750000e-05  9.99900010e-01 
 1.40850000e-05  9.99900010e-01 
 1.40950000e-05  9.99900010e-01 
 1.41050000e-05  9.99900010e-01 
 1.41150000e-05  9.99900010e-01 
 1.41250000e-05  9.99900010e-01 
 1.41350000e-05  9.99900010e-01 
 1.41450000e-05  9.99900010e-01 
 1.41550000e-05  9.99900010e-01 
 1.41650000e-05  9.99900010e-01 
 1.41750000e-05  9.99900010e-01 
 1.41850000e-05  9.99900010e-01 
 1.41950000e-05  9.99900010e-01 
 1.42050000e-05  9.99900010e-01 
 1.42150000e-05  9.99900010e-01 
 1.42250000e-05  9.99900010e-01 
 1.42350000e-05  9.99900010e-01 
 1.42450000e-05  9.99900010e-01 
 1.42550000e-05  9.99900010e-01 
 1.42650000e-05  9.99900010e-01 
 1.42750000e-05  9.99900010e-01 
 1.42850000e-05  9.99900010e-01 
 1.42950000e-05  9.99900010e-01 
 1.43050000e-05  9.99900010e-01 
 1.43150000e-05  9.99900010e-01 
 1.43250000e-05  9.99900010e-01 
 1.43350000e-05  9.99900010e-01 
 1.43450000e-05  9.99900010e-01 
 1.43550000e-05  9.99900010e-01 
 1.43650000e-05  9.99900010e-01 
 1.43750000e-05  9.99900010e-01 
 1.43850000e-05  9.99900010e-01 
 1.43950000e-05  9.99900010e-01 
 1.44050000e-05  9.99900010e-01 
 1.44150000e-05  9.99900010e-01 
 1.44250000e-05  9.99900010e-01 
 1.44350000e-05  9.99900010e-01 
 1.44450000e-05  9.99900010e-01 
 1.44550000e-05  9.99900010e-01 
 1.44650000e-05  9.99900010e-01 
 1.44750000e-05  9.99900010e-01 
 1.44850000e-05  9.99900010e-01 
 1.44950000e-05  9.99900010e-01 
 1.45050000e-05  9.99900010e-01 
 1.45150000e-05  9.99900010e-01 
 1.45250000e-05  9.99900010e-01 
 1.45350000e-05  9.99900010e-01 
 1.45450000e-05  9.99900010e-01 
 1.45550000e-05  9.99900010e-01 
 1.45650000e-05  9.99900010e-01 
 1.45750000e-05  9.99900010e-01 
 1.45850000e-05  9.99900010e-01 
 1.45950000e-05  9.99900010e-01 
 1.46050000e-05  9.99900010e-01 
 1.46150000e-05  9.99900010e-01 
 1.46250000e-05  9.99900010e-01 
 1.46350000e-05  9.99900010e-01 
 1.46450000e-05  9.99900010e-01 
 1.46550000e-05  9.99900010e-01 
 1.46650000e-05  9.99900010e-01 
 1.46750000e-05  9.99900010e-01 
 1.46850000e-05  9.99900010e-01 
 1.46950000e-05  9.99900010e-01 
 1.47050000e-05  9.99900010e-01 
 1.47150000e-05  9.99900010e-01 
 1.47250000e-05  9.99900010e-01 
 1.47350000e-05  9.99900010e-01 
 1.47450000e-05  9.99900010e-01 
 1.47550000e-05  9.99900010e-01 
 1.47650000e-05  9.99900010e-01 
 1.47750000e-05  9.99900010e-01 
 1.47850000e-05  9.99900010e-01 
 1.47950000e-05  9.99900010e-01 
 1.48050000e-05  9.99900010e-01 
 1.48150000e-05  9.99900010e-01 
 1.48250000e-05  9.99900010e-01 
 1.48350000e-05  9.99900010e-01 
 1.48450000e-05  9.99900010e-01 
 1.48550000e-05  9.99900010e-01 
 1.48650000e-05  9.99900010e-01 
 1.48750000e-05  9.99900010e-01 
 1.48850000e-05  9.99900010e-01 
 1.48950000e-05  9.99900010e-01 
 1.49050000e-05  9.99900010e-01 
 1.49150000e-05  9.99900010e-01 
 1.49250000e-05  9.99900010e-01 
 1.49350000e-05  9.99900010e-01 
 1.49450000e-05  9.99900010e-01 
 1.49550000e-05  9.99900010e-01 
 1.49650000e-05  9.99900010e-01 
 1.49750000e-05  9.99900010e-01 
 1.49850000e-05  9.99900010e-01 
 1.49950000e-05  9.99900010e-01 
 1.50050000e-05  9.99900010e-01 
 1.50150000e-05  9.99900010e-01 
 1.50250000e-05  9.99900010e-01 
 1.50350000e-05  9.99900010e-01 
 1.50450000e-05  9.99900010e-01 
 1.50550000e-05  9.99900010e-01 
 1.50650000e-05  9.99900010e-01 
 1.50750000e-05  9.99900010e-01 
 1.50850000e-05  9.99900010e-01 
 1.50950000e-05  9.99900010e-01 
 1.51050000e-05  9.99900010e-01 
 1.51150000e-05  9.99900010e-01 
 1.51250000e-05  9.99900010e-01 
 1.51350000e-05  9.99900010e-01 
 1.51450000e-05  9.99900010e-01 
 1.51550000e-05  9.99900010e-01 
 1.51650000e-05  9.99900010e-01 
 1.51750000e-05  9.99900010e-01 
 1.51850000e-05  9.99900010e-01 
 1.51950000e-05  9.99900010e-01 
 1.52050000e-05  9.99900010e-01 
 1.52150000e-05  9.99900010e-01 
 1.52250000e-05  9.99900010e-01 
 1.52350000e-05  9.99900010e-01 
 1.52450000e-05  9.99900010e-01 
 1.52550000e-05  9.99900010e-01 
 1.52650000e-05  9.99900010e-01 
 1.52750000e-05  9.99900010e-01 
 1.52850000e-05  9.99900010e-01 
 1.52950000e-05  9.99900010e-01 
 1.53050000e-05  9.99900010e-01 
 1.53150000e-05  9.99900010e-01 
 1.53250000e-05  9.99900010e-01 
 1.53350000e-05  9.99900010e-01 
 1.53450000e-05  9.99900010e-01 
 1.53550000e-05  9.99900010e-01 
 1.53650000e-05  9.99900010e-01 
 1.53750000e-05  9.99900010e-01 
 1.53850000e-05  9.99900010e-01 
 1.53950000e-05  9.99900010e-01 
 1.54050000e-05  9.99900010e-01 
 1.54150000e-05  9.99900010e-01 
 1.54250000e-05  9.99900010e-01 
 1.54350000e-05  9.99900010e-01 
 1.54450000e-05  9.99900010e-01 
 1.54550000e-05  9.99900010e-01 
 1.54650000e-05  9.99900010e-01 
 1.54750000e-05  9.99900010e-01 
 1.54850000e-05  9.99900010e-01 
 1.54950000e-05  9.99900010e-01 
 1.55050000e-05  9.99900010e-01 
 1.55150000e-05  9.99900010e-01 
 1.55250000e-05  9.99900010e-01 
 1.55350000e-05  9.99900010e-01 
 1.55450000e-05  9.99900010e-01 
 1.55550000e-05  9.99900010e-01 
 1.55650000e-05  9.99900010e-01 
 1.55750000e-05  9.99900010e-01 
 1.55850000e-05  9.99900010e-01 
 1.55950000e-05  9.99900010e-01 
 1.56050000e-05  9.99900010e-01 
 1.56150000e-05  9.99900010e-01 
 1.56250000e-05  9.99900010e-01 
 1.56350000e-05  9.99900010e-01 
 1.56450000e-05  9.99900010e-01 
 1.56550000e-05  9.99900010e-01 
 1.56650000e-05  9.99900010e-01 
 1.56750000e-05  9.99900010e-01 
 1.56850000e-05  9.99900010e-01 
 1.56950000e-05  9.99900010e-01 
 1.57050000e-05  9.99900010e-01 
 1.57150000e-05  9.99900010e-01 
 1.57250000e-05  9.99900010e-01 
 1.57350000e-05  9.99900010e-01 
 1.57450000e-05  9.99900010e-01 
 1.57550000e-05  9.99900010e-01 
 1.57650000e-05  9.99900010e-01 
 1.57750000e-05  9.99900010e-01 
 1.57850000e-05  9.99900010e-01 
 1.57950000e-05  9.99900010e-01 
 1.58050000e-05  9.99900010e-01 
 1.58150000e-05  9.99900010e-01 
 1.58250000e-05  9.99900010e-01 
 1.58350000e-05  9.99900010e-01 
 1.58450000e-05  9.99900010e-01 
 1.58550000e-05  9.99900010e-01 
 1.58650000e-05  9.99900010e-01 
 1.58750000e-05  9.99900010e-01 
 1.58850000e-05  9.99900010e-01 
 1.58950000e-05  9.99900010e-01 
 1.59050000e-05  9.99900010e-01 
 1.59150000e-05  9.99900010e-01 
 1.59250000e-05  9.99900010e-01 
 1.59350000e-05  9.99900010e-01 
 1.59450000e-05  9.99900010e-01 
 1.59550000e-05  9.99900010e-01 
 1.59650000e-05  9.99900010e-01 
 1.59750000e-05  9.99900010e-01 
 1.59850000e-05  9.99900010e-01 
 1.59950000e-05  9.99900010e-01 
 1.60050000e-05  9.99900010e-01 
 1.60150000e-05  9.99900010e-01 
 1.60250000e-05  9.99900010e-01 
 1.60350000e-05  9.99900010e-01 
 1.60450000e-05  9.99900010e-01 
 1.60550000e-05  9.99900010e-01 
 1.60650000e-05  9.99900010e-01 
 1.60750000e-05  9.99900010e-01 
 1.60850000e-05  9.99900010e-01 
 1.60950000e-05  9.99900010e-01 
 1.61050000e-05  9.99900010e-01 
 1.61150000e-05  9.99900010e-01 
 1.61250000e-05  9.99900010e-01 
 1.61350000e-05  9.99900010e-01 
 1.61450000e-05  9.99900010e-01 
 1.61550000e-05  9.99900010e-01 
 1.61650000e-05  9.99900010e-01 
 1.61750000e-05  9.99900010e-01 
 1.61850000e-05  9.99900010e-01 
 1.61950000e-05  9.99900010e-01 
 1.62050000e-05  9.99900010e-01 
 1.62150000e-05  9.99900010e-01 
 1.62250000e-05  9.99900010e-01 
 1.62350000e-05  9.99900010e-01 
 1.62450000e-05  9.99900010e-01 
 1.62550000e-05  9.99900010e-01 
 1.62650000e-05  9.99900010e-01 
 1.62750000e-05  9.99900010e-01 
 1.62850000e-05  9.99900010e-01 
 1.62950000e-05  9.99900010e-01 
 1.63050000e-05  9.99900010e-01 
 1.63150000e-05  9.99900010e-01 
 1.63250000e-05  9.99900010e-01 
 1.63350000e-05  9.99900010e-01 
 1.63450000e-05  9.99900010e-01 
 1.63550000e-05  9.99900010e-01 
 1.63650000e-05  9.99900010e-01 
 1.63750000e-05  9.99900010e-01 
 1.63850000e-05  9.99900010e-01 
 1.63950000e-05  9.99900010e-01 
 1.64050000e-05  9.99900010e-01 
 1.64150000e-05  9.99900010e-01 
 1.64250000e-05  9.99900010e-01 
 1.64350000e-05  9.99900010e-01 
 1.64450000e-05  9.99900010e-01 
 1.64550000e-05  9.99900010e-01 
 1.64650000e-05  9.99900010e-01 
 1.64750000e-05  9.99900010e-01 
 1.64850000e-05  9.99900010e-01 
 1.64950000e-05  9.99900010e-01 
 1.65050000e-05  9.99900010e-01 
 1.65150000e-05  9.99900010e-01 
 1.65250000e-05  9.99900010e-01 
 1.65350000e-05  9.99900010e-01 
 1.65450000e-05  9.99900010e-01 
 1.65550000e-05  9.99900010e-01 
 1.65650000e-05  9.99900010e-01 
 1.65750000e-05  9.99900010e-01 
 1.65850000e-05  9.99900010e-01 
 1.65950000e-05  9.99900010e-01 
 1.66050000e-05  9.99900010e-01 
 1.66150000e-05  9.99900010e-01 
 1.66250000e-05  9.99900010e-01 
 1.66350000e-05  9.99900010e-01 
 1.66450000e-05  9.99900010e-01 
 1.66550000e-05  9.99900010e-01 
 1.66650000e-05  9.99900010e-01 
 1.66750000e-05  9.99900010e-01 
 1.66850000e-05  9.99900010e-01 
 1.66950000e-05  9.99900010e-01 
 1.67050000e-05  9.99900010e-01 
 1.67150000e-05  9.99900010e-01 
 1.67250000e-05  9.99900010e-01 
 1.67350000e-05  9.99900010e-01 
 1.67450000e-05  9.99900010e-01 
 1.67550000e-05  9.99900010e-01 
 1.67650000e-05  9.99900010e-01 
 1.67750000e-05  9.99900010e-01 
 1.67850000e-05  9.99900010e-01 
 1.67950000e-05  9.99900010e-01 
 1.68050000e-05  9.99900010e-01 
 1.68150000e-05  9.99900010e-01 
 1.68250000e-05  9.99900010e-01 
 1.68350000e-05  9.99900010e-01 
 1.68450000e-05  9.99900010e-01 
 1.68550000e-05  9.99900010e-01 
 1.68650000e-05  9.99900010e-01 
 1.68750000e-05  9.99900010e-01 
 1.68850000e-05  9.99900010e-01 
 1.68950000e-05  9.99900010e-01 
 1.69050000e-05  9.99900010e-01 
 1.69150000e-05  9.99900010e-01 
 1.69250000e-05  9.99900010e-01 
 1.69350000e-05  9.99900010e-01 
 1.69450000e-05  9.99900010e-01 
 1.69550000e-05  9.99900010e-01 
 1.69650000e-05  9.99900010e-01 
 1.69750000e-05  9.99900010e-01 
 1.69850000e-05  9.99900010e-01 
 1.69950000e-05  9.99900010e-01 
 1.70050000e-05  9.99900010e-01 
 1.70150000e-05  9.99900010e-01 
 1.70250000e-05  9.99900010e-01 
 1.70350000e-05  9.99900010e-01 
 1.70450000e-05  9.99900010e-01 
 1.70550000e-05  9.99900010e-01 
 1.70650000e-05  9.99900010e-01 
 1.70750000e-05  9.99900010e-01 
 1.70850000e-05  9.99900010e-01 
 1.70950000e-05  9.99900010e-01 
 1.71050000e-05  9.99900010e-01 
 1.71150000e-05  9.99900010e-01 
 1.71250000e-05  9.99900010e-01 
 1.71350000e-05  9.99900010e-01 
 1.71450000e-05  9.99900010e-01 
 1.71550000e-05  9.99900010e-01 
 1.71650000e-05  9.99900010e-01 
 1.71750000e-05  9.99900010e-01 
 1.71850000e-05  9.99900010e-01 
 1.71950000e-05  9.99900010e-01 
 1.72050000e-05  9.99900010e-01 
 1.72150000e-05  9.99900010e-01 
 1.72250000e-05  9.99900010e-01 
 1.72350000e-05  9.99900010e-01 
 1.72450000e-05  9.99900010e-01 
 1.72550000e-05  9.99900010e-01 
 1.72650000e-05  9.99900010e-01 
 1.72750000e-05  9.99900010e-01 
 1.72850000e-05  9.99900010e-01 
 1.72950000e-05  9.99900010e-01 
 1.73050000e-05  9.99900010e-01 
 1.73150000e-05  9.99900010e-01 
 1.73250000e-05  9.99900010e-01 
 1.73350000e-05  9.99900010e-01 
 1.73450000e-05  9.99900010e-01 
 1.73550000e-05  9.99900010e-01 
 1.73650000e-05  9.99900010e-01 
 1.73750000e-05  9.99900010e-01 
 1.73850000e-05  9.99900010e-01 
 1.73950000e-05  9.99900010e-01 
 1.74050000e-05  9.99900010e-01 
 1.74150000e-05  9.99900010e-01 
 1.74250000e-05  9.99900010e-01 
 1.74350000e-05  9.99900010e-01 
 1.74450000e-05  9.99900010e-01 
 1.74550000e-05  9.99900010e-01 
 1.74650000e-05  9.99900010e-01 
 1.74750000e-05  9.99900010e-01 
 1.74850000e-05  9.99900010e-01 
 1.74950000e-05  9.99900010e-01 
 1.75050000e-05  9.99900010e-01 
 1.75150000e-05  9.99900010e-01 
 1.75250000e-05  9.99900010e-01 
 1.75350000e-05  9.99900010e-01 
 1.75450000e-05  9.99900010e-01 
 1.75550000e-05  9.99900010e-01 
 1.75650000e-05  9.99900010e-01 
 1.75750000e-05  9.99900010e-01 
 1.75850000e-05  9.99900010e-01 
 1.75950000e-05  9.99900010e-01 
 1.76050000e-05  9.99900010e-01 
 1.76150000e-05  9.99900010e-01 
 1.76250000e-05  9.99900010e-01 
 1.76350000e-05  9.99900010e-01 
 1.76450000e-05  9.99900010e-01 
 1.76550000e-05  9.99900010e-01 
 1.76650000e-05  9.99900010e-01 
 1.76750000e-05  9.99900010e-01 
 1.76850000e-05  9.99900010e-01 
 1.76950000e-05  9.99900010e-01 
 1.77050000e-05  9.99900010e-01 
 1.77150000e-05  9.99900010e-01 
 1.77250000e-05  9.99900010e-01 
 1.77350000e-05  9.99900010e-01 
 1.77450000e-05  9.99900010e-01 
 1.77550000e-05  9.99900010e-01 
 1.77650000e-05  9.99900010e-01 
 1.77750000e-05  9.99900010e-01 
 1.77850000e-05  9.99900010e-01 
 1.77950000e-05  9.99900010e-01 
 1.78050000e-05  9.99900010e-01 
 1.78150000e-05  9.99900010e-01 
 1.78250000e-05  9.99900010e-01 
 1.78350000e-05  9.99900010e-01 
 1.78450000e-05  9.99900010e-01 
 1.78550000e-05  9.99900010e-01 
 1.78650000e-05  9.99900010e-01 
 1.78750000e-05  9.99900010e-01 
 1.78850000e-05  9.99900010e-01 
 1.78950000e-05  9.99900010e-01 
 1.79050000e-05  9.99900010e-01 
 1.79150000e-05  9.99900010e-01 
 1.79250000e-05  9.99900010e-01 
 1.79350000e-05  9.99900010e-01 
 1.79450000e-05  9.99900010e-01 
 1.79550000e-05  9.99900010e-01 
 1.79650000e-05  9.99900010e-01 
 1.79750000e-05  9.99900010e-01 
 1.79850000e-05  9.99900010e-01 
 1.79950000e-05  9.99900010e-01 
 1.80050000e-05  9.99900010e-01 
 1.80150000e-05  9.99900010e-01 
 1.80250000e-05  9.99900010e-01 
 1.80350000e-05  9.99900010e-01 
 1.80450000e-05  9.99900010e-01 
 1.80550000e-05  9.99900010e-01 
 1.80650000e-05  9.99900010e-01 
 1.80750000e-05  9.99900010e-01 
 1.80850000e-05  9.99900010e-01 
 1.80950000e-05  9.99900010e-01 
 1.81050000e-05  9.99900010e-01 
 1.81150000e-05  9.99900010e-01 
 1.81250000e-05  9.99900010e-01 
 1.81350000e-05  9.99900010e-01 
 1.81450000e-05  9.99900010e-01 
 1.81550000e-05  9.99900010e-01 
 1.81650000e-05  9.99900010e-01 
 1.81750000e-05  9.99900010e-01 
 1.81850000e-05  9.99900010e-01 
 1.81950000e-05  9.99900010e-01 
 1.82050000e-05  9.99900010e-01 
 1.82150000e-05  9.99900010e-01 
 1.82250000e-05  9.99900010e-01 
 1.82350000e-05  9.99900010e-01 
 1.82450000e-05  9.99900010e-01 
 1.82550000e-05  9.99900010e-01 
 1.82650000e-05  9.99900010e-01 
 1.82750000e-05  9.99900010e-01 
 1.82850000e-05  9.99900010e-01 
 1.82950000e-05  9.99900010e-01 
 1.83050000e-05  9.99900010e-01 
 1.83150000e-05  9.99900010e-01 
 1.83250000e-05  9.99900010e-01 
 1.83350000e-05  9.99900010e-01 
 1.83450000e-05  9.99900010e-01 
 1.83550000e-05  9.99900010e-01 
 1.83650000e-05  9.99900010e-01 
 1.83750000e-05  9.99900010e-01 
 1.83850000e-05  9.99900010e-01 
 1.83950000e-05  9.99900010e-01 
 1.84050000e-05  9.99900010e-01 
 1.84150000e-05  9.99900010e-01 
 1.84250000e-05  9.99900010e-01 
 1.84350000e-05  9.99900010e-01 
 1.84450000e-05  9.99900010e-01 
 1.84550000e-05  9.99900010e-01 
 1.84650000e-05  9.99900010e-01 
 1.84750000e-05  9.99900010e-01 
 1.84850000e-05  9.99900010e-01 
 1.84950000e-05  9.99900010e-01 
 1.85050000e-05  9.99900010e-01 
 1.85150000e-05  9.99900010e-01 
 1.85250000e-05  9.99900010e-01 
 1.85350000e-05  9.99900010e-01 
 1.85450000e-05  9.99900010e-01 
 1.85550000e-05  9.99900010e-01 
 1.85650000e-05  9.99900010e-01 
 1.85750000e-05  9.99900010e-01 
 1.85850000e-05  9.99900010e-01 
 1.85950000e-05  9.99900010e-01 
 1.86050000e-05  9.99900010e-01 
 1.86150000e-05  9.99900010e-01 
 1.86250000e-05  9.99900010e-01 
 1.86350000e-05  9.99900010e-01 
 1.86450000e-05  9.99900010e-01 
 1.86550000e-05  9.99900010e-01 
 1.86650000e-05  9.99900010e-01 
 1.86750000e-05  9.99900010e-01 
 1.86850000e-05  9.99900010e-01 
 1.86950000e-05  9.99900010e-01 
 1.87050000e-05  9.99900010e-01 
 1.87150000e-05  9.99900010e-01 
 1.87250000e-05  9.99900010e-01 
 1.87350000e-05  9.99900010e-01 
 1.87450000e-05  9.99900010e-01 
 1.87550000e-05  9.99900010e-01 
 1.87650000e-05  9.99900010e-01 
 1.87750000e-05  9.99900010e-01 
 1.87850000e-05  9.99900010e-01 
 1.87950000e-05  9.99900010e-01 
 1.88050000e-05  9.99900010e-01 
 1.88150000e-05  9.99900010e-01 
 1.88250000e-05  9.99900010e-01 
 1.88350000e-05  9.99900010e-01 
 1.88450000e-05  9.99900010e-01 
 1.88550000e-05  9.99900010e-01 
 1.88650000e-05  9.99900010e-01 
 1.88750000e-05  9.99900010e-01 
 1.88850000e-05  9.99900010e-01 
 1.88950000e-05  9.99900010e-01 
 1.89050000e-05  9.99900010e-01 
 1.89150000e-05  9.99900010e-01 
 1.89250000e-05  9.99900010e-01 
 1.89350000e-05  9.99900010e-01 
 1.89450000e-05  9.99900010e-01 
 1.89550000e-05  9.99900010e-01 
 1.89650000e-05  9.99900010e-01 
 1.89750000e-05  9.99900010e-01 
 1.89850000e-05  9.99900010e-01 
 1.89950000e-05  9.99900010e-01 
 1.90050000e-05  9.99900010e-01 
 1.90150000e-05  9.99900010e-01 
 1.90250000e-05  9.99900010e-01 
 1.90350000e-05  9.99900010e-01 
 1.90450000e-05  9.99900010e-01 
 1.90550000e-05  9.99900010e-01 
 1.90650000e-05  9.99900010e-01 
 1.90750000e-05  9.99900010e-01 
 1.90850000e-05  9.99900010e-01 
 1.90950000e-05  9.99900010e-01 
 1.91050000e-05  9.99900010e-01 
 1.91150000e-05  9.99900010e-01 
 1.91250000e-05  9.99900010e-01 
 1.91350000e-05  9.99900010e-01 
 1.91450000e-05  9.99900010e-01 
 1.91550000e-05  9.99900010e-01 
 1.91650000e-05  9.99900010e-01 
 1.91750000e-05  9.99900010e-01 
 1.91850000e-05  9.99900010e-01 
 1.91950000e-05  9.99900010e-01 
 1.92050000e-05  9.99900010e-01 
 1.92150000e-05  9.99900010e-01 
 1.92250000e-05  9.99900010e-01 
 1.92350000e-05  9.99900010e-01 
 1.92450000e-05  9.99900010e-01 
 1.92550000e-05  9.99900010e-01 
 1.92650000e-05  9.99900010e-01 
 1.92750000e-05  9.99900010e-01 
 1.92850000e-05  9.99900010e-01 
 1.92950000e-05  9.99900010e-01 
 1.93050000e-05  9.99900010e-01 
 1.93150000e-05  9.99900010e-01 
 1.93250000e-05  9.99900010e-01 
 1.93350000e-05  9.99900010e-01 
 1.93450000e-05  9.99900010e-01 
 1.93550000e-05  9.99900010e-01 
 1.93650000e-05  9.99900010e-01 
 1.93750000e-05  9.99900010e-01 
 1.93850000e-05  9.99900010e-01 
 1.93950000e-05  9.99900010e-01 
 1.94050000e-05  9.99900010e-01 
 1.94150000e-05  9.99900010e-01 
 1.94250000e-05  9.99900010e-01 
 1.94350000e-05  9.99900010e-01 
 1.94450000e-05  9.99900010e-01 
 1.94550000e-05  9.99900010e-01 
 1.94650000e-05  9.99900010e-01 
 1.94750000e-05  9.99900010e-01 
 1.94850000e-05  9.99900010e-01 
 1.94950000e-05  9.99900010e-01 
 1.95050000e-05  9.99900010e-01 
 1.95150000e-05  9.99900010e-01 
 1.95250000e-05  9.99900010e-01 
 1.95350000e-05  9.99900010e-01 
 1.95450000e-05  9.99900010e-01 
 1.95550000e-05  9.99900010e-01 
 1.95650000e-05  9.99900010e-01 
 1.95750000e-05  9.99900010e-01 
 1.95850000e-05  9.99900010e-01 
 1.95950000e-05  9.99900010e-01 
 1.96050000e-05  9.99900010e-01 
 1.96150000e-05  9.99900010e-01 
 1.96250000e-05  9.99900010e-01 
 1.96350000e-05  9.99900010e-01 
 1.96450000e-05  9.99900010e-01 
 1.96550000e-05  9.99900010e-01 
 1.96650000e-05  9.99900010e-01 
 1.96750000e-05  9.99900010e-01 
 1.96850000e-05  9.99900010e-01 
 1.96950000e-05  9.99900010e-01 
 1.97050000e-05  9.99900010e-01 
 1.97150000e-05  9.99900010e-01 
 1.97250000e-05  9.99900010e-01 
 1.97350000e-05  9.99900010e-01 
 1.97450000e-05  9.99900010e-01 
 1.97550000e-05  9.99900010e-01 
 1.97650000e-05  9.99900010e-01 
 1.97750000e-05  9.99900010e-01 
 1.97850000e-05  9.99900010e-01 
 1.97950000e-05  9.99900010e-01 
 1.98050000e-05  9.99900010e-01 
 1.98150000e-05  9.99900010e-01 
 1.98250000e-05  9.99900010e-01 
 1.98350000e-05  9.99900010e-01 
 1.98450000e-05  9.99900010e-01 
 1.98550000e-05  9.99900010e-01 
 1.98650000e-05  9.99900010e-01 
 1.98750000e-05  9.99900010e-01 
 1.98850000e-05  9.99900010e-01 
 1.98950000e-05  9.99900010e-01 
 1.99050000e-05  9.99900010e-01 
 1.99150000e-05  9.99900010e-01 
 1.99250000e-05  9.99900010e-01 
 1.99350000e-05  9.99900010e-01 
 1.99450000e-05  9.99900010e-01 
 1.99550000e-05  9.99900010e-01 
 1.99650000e-05  9.99900010e-01 
 1.99750000e-05  9.99900010e-01 
 1.99850000e-05  9.99900010e-01 
 1.99950000e-05  9.99900010e-01 
 2.00050000e-05  9.99900010e-01 
 2.00150000e-05  9.99900010e-01 
 2.00250000e-05  9.99900010e-01 
 2.00350000e-05  9.99900010e-01 
 2.00450000e-05  9.99900010e-01 
 2.00550000e-05  9.99900010e-01 
 2.00650000e-05  9.99900010e-01 
 2.00750000e-05  9.99900010e-01 
 2.00850000e-05  9.99900010e-01 
 2.00950000e-05  9.99900010e-01 
 2.01050000e-05  9.99900010e-01 
 2.01150000e-05  9.99900010e-01 
 2.01250000e-05  9.99900010e-01 
 2.01350000e-05  9.99900010e-01 
 2.01450000e-05  9.99900010e-01 
 2.01550000e-05  9.99900010e-01 
 2.01650000e-05  9.99900010e-01 
 2.01750000e-05  9.99900010e-01 
 2.01850000e-05  9.99900010e-01 
 2.01950000e-05  9.99900010e-01 
 2.02050000e-05  9.99900010e-01 
 2.02150000e-05  9.99900010e-01 
 2.02250000e-05  9.99900010e-01 
 2.02350000e-05  9.99900010e-01 
 2.02450000e-05  9.99900010e-01 
 2.02550000e-05  9.99900010e-01 
 2.02650000e-05  9.99900010e-01 
 2.02750000e-05  9.99900010e-01 
 2.02850000e-05  9.99900010e-01 
 2.02950000e-05  9.99900010e-01 
 2.03050000e-05  9.99900010e-01 
 2.03150000e-05  9.99900010e-01 
 2.03250000e-05  9.99900010e-01 
 2.03350000e-05  9.99900010e-01 
 2.03450000e-05  9.99900010e-01 
 2.03550000e-05  9.99900010e-01 
 2.03650000e-05  9.99900010e-01 
 2.03750000e-05  9.99900010e-01 
 2.03850000e-05  9.99900010e-01 
 2.03950000e-05  9.99900010e-01 
 2.04050000e-05  9.99900010e-01 
 2.04150000e-05  9.99900010e-01 
 2.04250000e-05  9.99900010e-01 
 2.04350000e-05  9.99900010e-01 
 2.04450000e-05  9.99900010e-01 
 2.04550000e-05  9.99900010e-01 
 2.04650000e-05  9.99900010e-01 
 2.04750000e-05  9.99900010e-01 
 2.04850000e-05  9.99900010e-01 
 2.04950000e-05  9.99900010e-01 
 2.05050000e-05  9.99900010e-01 
 2.05150000e-05  9.99900010e-01 
 2.05250000e-05  9.99900010e-01 
 2.05350000e-05  9.99900010e-01 
 2.05450000e-05  9.99900010e-01 
 2.05550000e-05  9.99900010e-01 
 2.05650000e-05  9.99900010e-01 
 2.05750000e-05  9.99900010e-01 
 2.05850000e-05  9.99900010e-01 
 2.05950000e-05  9.99900010e-01 
 2.06050000e-05  9.99900010e-01 
 2.06150000e-05  9.99900010e-01 
 2.06250000e-05  9.99900010e-01 
 2.06350000e-05  9.99900010e-01 
 2.06450000e-05  9.99900010e-01 
 2.06550000e-05  9.99900010e-01 
 2.06650000e-05  9.99900010e-01 
 2.06750000e-05  9.99900010e-01 
 2.06850000e-05  9.99900010e-01 
 2.06950000e-05  9.99900010e-01 
 2.07050000e-05  9.99900010e-01 
 2.07150000e-05  9.99900010e-01 
 2.07250000e-05  9.99900010e-01 
 2.07350000e-05  9.99900010e-01 
 2.07450000e-05  9.99900010e-01 
 2.07550000e-05  9.99900010e-01 
 2.07650000e-05  9.99900010e-01 
 2.07750000e-05  9.99900010e-01 
 2.07850000e-05  9.99900010e-01 
 2.07950000e-05  9.99900010e-01 
 2.08050000e-05  9.99900010e-01 
 2.08150000e-05  9.99900010e-01 
 2.08250000e-05  9.99900010e-01 
 2.08350000e-05  9.99900010e-01 
 2.08450000e-05  9.99900010e-01 
 2.08550000e-05  9.99900010e-01 
 2.08650000e-05  9.99900010e-01 
 2.08750000e-05  9.99900010e-01 
 2.08850000e-05  9.99900010e-01 
 2.08950000e-05  9.99900010e-01 
 2.09050000e-05  9.99900010e-01 
 2.09150000e-05  9.99900010e-01 
 2.09250000e-05  9.99900010e-01 
 2.09350000e-05  9.99900010e-01 
 2.09450000e-05  9.99900010e-01 
 2.09550000e-05  9.99900010e-01 
 2.09650000e-05  9.99900010e-01 
 2.09750000e-05  9.99900010e-01 
 2.09850000e-05  9.99900010e-01 
 2.09950000e-05  9.99900010e-01 
 2.10050000e-05  9.99900010e-01 
 2.10150000e-05  9.99900010e-01 
 2.10250000e-05  9.99900010e-01 
 2.10350000e-05  9.99900010e-01 
 2.10450000e-05  9.99900010e-01 
 2.10550000e-05  9.99900010e-01 
 2.10650000e-05  9.99900010e-01 
 2.10750000e-05  9.99900010e-01 
 2.10850000e-05  9.99900010e-01 
 2.10950000e-05  9.99900010e-01 
 2.11050000e-05  9.99900010e-01 
 2.11150000e-05  9.99900010e-01 
 2.11250000e-05  9.99900010e-01 
 2.11350000e-05  9.99900010e-01 
 2.11450000e-05  9.99900010e-01 
 2.11550000e-05  9.99900010e-01 
 2.11650000e-05  9.99900010e-01 
 2.11750000e-05  9.99900010e-01 
 2.11850000e-05  9.99900010e-01 
 2.11950000e-05  9.99900010e-01 
 2.12050000e-05  9.99900010e-01 
 2.12150000e-05  9.99900010e-01 
 2.12250000e-05  9.99900010e-01 
 2.12350000e-05  9.99900010e-01 
 2.12450000e-05  9.99900010e-01 
 2.12550000e-05  9.99900010e-01 
 2.12650000e-05  9.99900010e-01 
 2.12750000e-05  9.99900010e-01 
 2.12850000e-05  9.99900010e-01 
 2.12950000e-05  9.99900010e-01 
 2.13050000e-05  9.99900010e-01 
 2.13150000e-05  9.99900010e-01 
 2.13250000e-05  9.99900010e-01 
 2.13350000e-05  9.99900010e-01 
 2.13450000e-05  9.99900010e-01 
 2.13550000e-05  9.99900010e-01 
 2.13650000e-05  9.99900010e-01 
 2.13750000e-05  9.99900010e-01 
 2.13850000e-05  9.99900010e-01 
 2.13950000e-05  9.99900010e-01 
 2.14050000e-05  9.99900010e-01 
 2.14150000e-05  9.99900010e-01 
 2.14250000e-05  9.99900010e-01 
 2.14350000e-05  9.99900010e-01 
 2.14450000e-05  9.99900010e-01 
 2.14550000e-05  9.99900010e-01 
 2.14650000e-05  9.99900010e-01 
 2.14750000e-05  9.99900010e-01 
 2.14850000e-05  9.99900010e-01 
 2.14950000e-05  9.99900010e-01 
 2.15050000e-05  9.99900010e-01 
 2.15150000e-05  9.99900010e-01 
 2.15250000e-05  9.99900010e-01 
 2.15350000e-05  9.99900010e-01 
 2.15450000e-05  9.99900010e-01 
 2.15550000e-05  9.99900010e-01 
 2.15650000e-05  9.99900010e-01 
 2.15750000e-05  9.99900010e-01 
 2.15850000e-05  9.99900010e-01 
 2.15950000e-05  9.99900010e-01 
 2.16050000e-05  9.99900010e-01 
 2.16150000e-05  9.99900010e-01 
 2.16250000e-05  9.99900010e-01 
 2.16350000e-05  9.99900010e-01 
 2.16450000e-05  9.99900010e-01 
 2.16550000e-05  9.99900010e-01 
 2.16650000e-05  9.99900010e-01 
 2.16750000e-05  9.99900010e-01 
 2.16850000e-05  9.99900010e-01 
 2.16950000e-05  9.99900010e-01 
 2.17050000e-05  9.99900010e-01 
 2.17150000e-05  9.99900010e-01 
 2.17250000e-05  9.99900010e-01 
 2.17350000e-05  9.99900010e-01 
 2.17450000e-05  9.99900010e-01 
 2.17550000e-05  9.99900010e-01 
 2.17650000e-05  9.99900010e-01 
 2.17750000e-05  9.99900010e-01 
 2.17850000e-05  9.99900010e-01 
 2.17950000e-05  9.99900010e-01 
 2.18050000e-05  9.99900010e-01 
 2.18150000e-05  9.99900010e-01 
 2.18250000e-05  9.99900010e-01 
 2.18350000e-05  9.99900010e-01 
 2.18450000e-05  9.99900010e-01 
 2.18550000e-05  9.99900010e-01 
 2.18650000e-05  9.99900010e-01 
 2.18750000e-05  9.99900010e-01 
 2.18850000e-05  9.99900010e-01 
 2.18950000e-05  9.99900010e-01 
 2.19050000e-05  9.99900010e-01 
 2.19150000e-05  9.99900010e-01 
 2.19250000e-05  9.99900010e-01 
 2.19350000e-05  9.99900010e-01 
 2.19450000e-05  9.99900010e-01 
 2.19550000e-05  9.99900010e-01 
 2.19650000e-05  9.99900010e-01 
 2.19750000e-05  9.99900010e-01 
 2.19850000e-05  9.99900010e-01 
 2.19950000e-05  9.99900010e-01 
 2.20050000e-05  9.99900010e-01 
 2.20150000e-05  9.99900010e-01 
 2.20250000e-05  9.99900010e-01 
 2.20350000e-05  9.99900010e-01 
 2.20450000e-05  9.99900010e-01 
 2.20550000e-05  9.99900010e-01 
 2.20650000e-05  9.99900010e-01 
 2.20750000e-05  9.99900010e-01 
 2.20850000e-05  9.99900010e-01 
 2.20950000e-05  9.99900010e-01 
 2.21050000e-05  9.99900010e-01 
 2.21150000e-05  9.99900010e-01 
 2.21250000e-05  9.99900010e-01 
 2.21350000e-05  9.99900010e-01 
 2.21450000e-05  9.99900010e-01 
 2.21550000e-05  9.99900010e-01 
 2.21650000e-05  9.99900010e-01 
 2.21750000e-05  9.99900010e-01 
 2.21850000e-05  9.99900010e-01 
 2.21950000e-05  9.99900010e-01 
 2.22050000e-05  9.99900010e-01 
 2.22150000e-05  9.99900010e-01 
 2.22250000e-05  9.99900010e-01 
 2.22350000e-05  9.99900010e-01 
 2.22450000e-05  9.99900010e-01 
 2.22550000e-05  9.99900010e-01 
 2.22650000e-05  9.99900010e-01 
 2.22750000e-05  9.99900010e-01 
 2.22850000e-05  9.99900010e-01 
 2.22950000e-05  9.99900010e-01 
 2.23050000e-05  9.99900010e-01 
 2.23150000e-05  9.99900010e-01 
 2.23250000e-05  9.99900010e-01 
 2.23350000e-05  9.99900010e-01 
 2.23450000e-05  9.99900010e-01 
 2.23550000e-05  9.99900010e-01 
 2.23650000e-05  9.99900010e-01 
 2.23750000e-05  9.99900010e-01 
 2.23850000e-05  9.99900010e-01 
 2.23950000e-05  9.99900010e-01 
 2.24050000e-05  9.99900010e-01 
 2.24150000e-05  9.99900010e-01 
 2.24250000e-05  9.99900010e-01 
 2.24350000e-05  9.99900010e-01 
 2.24450000e-05  9.99900010e-01 
 2.24550000e-05  9.99900010e-01 
 2.24650000e-05  9.99900010e-01 
 2.24750000e-05  9.99900010e-01 
 2.24850000e-05  9.99900010e-01 
 2.24950000e-05  9.99900010e-01 
 2.25050000e-05  9.99900010e-01 
 2.25150000e-05  9.99900010e-01 
 2.25250000e-05  9.99900010e-01 
 2.25350000e-05  9.99900010e-01 
 2.25450000e-05  9.99900010e-01 
 2.25550000e-05  9.99900010e-01 
 2.25650000e-05  9.99900010e-01 
 2.25750000e-05  9.99900010e-01 
 2.25850000e-05  9.99900010e-01 
 2.25950000e-05  9.99900010e-01 
 2.26050000e-05  9.99900010e-01 
 2.26150000e-05  9.99900010e-01 
 2.26250000e-05  9.99900010e-01 
 2.26350000e-05  9.99900010e-01 
 2.26450000e-05  9.99900010e-01 
 2.26550000e-05  9.99900010e-01 
 2.26650000e-05  9.99900010e-01 
 2.26750000e-05  9.99900010e-01 
 2.26850000e-05  9.99900010e-01 
 2.26950000e-05  9.99900010e-01 
 2.27050000e-05  9.99900010e-01 
 2.27150000e-05  9.99900010e-01 
 2.27250000e-05  9.99900010e-01 
 2.27350000e-05  9.99900010e-01 
 2.27450000e-05  9.99900010e-01 
 2.27550000e-05  9.99900010e-01 
 2.27650000e-05  9.99900010e-01 
 2.27750000e-05  9.99900010e-01 
 2.27850000e-05  9.99900010e-01 
 2.27950000e-05  9.99900010e-01 
 2.28050000e-05  9.99900010e-01 
 2.28150000e-05  9.99900010e-01 
 2.28250000e-05  9.99900010e-01 
 2.28350000e-05  9.99900010e-01 
 2.28450000e-05  9.99900010e-01 
 2.28550000e-05  9.99900010e-01 
 2.28650000e-05  9.99900010e-01 
 2.28750000e-05  9.99900010e-01 
 2.28850000e-05  9.99900010e-01 
 2.28950000e-05  9.99900010e-01 
 2.29050000e-05  9.99900010e-01 
 2.29150000e-05  9.99900010e-01 
 2.29250000e-05  9.99900010e-01 
 2.29350000e-05  9.99900010e-01 
 2.29450000e-05  9.99900010e-01 
 2.29550000e-05  9.99900010e-01 
 2.29650000e-05  9.99900010e-01 
 2.29750000e-05  9.99900010e-01 
 2.29850000e-05  9.99900010e-01 
 2.29950000e-05  9.99900010e-01 
 2.30050000e-05  9.99900010e-01 
 2.30150000e-05  9.99900010e-01 
 2.30250000e-05  9.99900010e-01 
 2.30350000e-05  9.99900010e-01 
 2.30450000e-05  9.99900010e-01 
 2.30550000e-05  9.99900010e-01 
 2.30650000e-05  9.99900010e-01 
 2.30750000e-05  9.99900010e-01 
 2.30850000e-05  9.99900010e-01 
 2.30950000e-05  9.99900010e-01 
 2.31050000e-05  9.99900010e-01 
 2.31150000e-05  9.99900010e-01 
 2.31250000e-05  9.99900010e-01 
 2.31350000e-05  9.99900010e-01 
 2.31450000e-05  9.99900010e-01 
 2.31550000e-05  9.99900010e-01 
 2.31650000e-05  9.99900010e-01 
 2.31750000e-05  9.99900010e-01 
 2.31850000e-05  9.99900010e-01 
 2.31950000e-05  9.99900010e-01 
 2.32050000e-05  9.99900010e-01 
 2.32150000e-05  9.99900010e-01 
 2.32250000e-05  9.99900010e-01 
 2.32350000e-05  9.99900010e-01 
 2.32450000e-05  9.99900010e-01 
 2.32550000e-05  9.99900010e-01 
 2.32650000e-05  9.99900010e-01 
 2.32750000e-05  9.99900010e-01 
 2.32850000e-05  9.99900010e-01 
 2.32950000e-05  9.99900010e-01 
 2.33050000e-05  9.99900010e-01 
 2.33150000e-05  9.99900010e-01 
 2.33250000e-05  9.99900010e-01 
 2.33350000e-05  9.99900010e-01 
 2.33450000e-05  9.99900010e-01 
 2.33550000e-05  9.99900010e-01 
 2.33650000e-05  9.99900010e-01 
 2.33750000e-05  9.99900010e-01 
 2.33850000e-05  9.99900010e-01 
 2.33950000e-05  9.99900010e-01 
 2.34050000e-05  9.99900010e-01 
 2.34150000e-05  9.99900010e-01 
 2.34250000e-05  9.99900010e-01 
 2.34350000e-05  9.99900010e-01 
 2.34450000e-05  9.99900010e-01 
 2.34550000e-05  9.99900010e-01 
 2.34650000e-05  9.99900010e-01 
 2.34750000e-05  9.99900010e-01 
 2.34850000e-05  9.99900010e-01 
 2.34950000e-05  9.99900010e-01 
 2.35050000e-05  9.99900010e-01 
 2.35150000e-05  9.99900010e-01 
 2.35250000e-05  9.99900010e-01 
 2.35350000e-05  9.99900010e-01 
 2.35450000e-05  9.99900010e-01 
 2.35550000e-05  9.99900010e-01 
 2.35650000e-05  9.99900010e-01 
 2.35750000e-05  9.99900010e-01 
 2.35850000e-05  9.99900010e-01 
 2.35950000e-05  9.99900010e-01 
 2.36050000e-05  9.99900010e-01 
 2.36150000e-05  9.99900010e-01 
 2.36250000e-05  9.99900010e-01 
 2.36350000e-05  9.99900010e-01 
 2.36450000e-05  9.99900010e-01 
 2.36550000e-05  9.99900010e-01 
 2.36650000e-05  9.99900010e-01 
 2.36750000e-05  9.99900010e-01 
 2.36850000e-05  9.99900010e-01 
 2.36950000e-05  9.99900010e-01 
 2.37050000e-05  9.99900010e-01 
 2.37150000e-05  9.99900010e-01 
 2.37250000e-05  9.99900010e-01 
 2.37350000e-05  9.99900010e-01 
 2.37450000e-05  9.99900010e-01 
 2.37550000e-05  9.99900010e-01 
 2.37650000e-05  9.99900010e-01 
 2.37750000e-05  9.99900010e-01 
 2.37850000e-05  9.99900010e-01 
 2.37950000e-05  9.99900010e-01 
 2.38050000e-05  9.99900010e-01 
 2.38150000e-05  9.99900010e-01 
 2.38250000e-05  9.99900010e-01 
 2.38350000e-05  9.99900010e-01 
 2.38450000e-05  9.99900010e-01 
 2.38550000e-05  9.99900010e-01 
 2.38650000e-05  9.99900010e-01 
 2.38750000e-05  9.99900010e-01 
 2.38850000e-05  9.99900010e-01 
 2.38950000e-05  9.99900010e-01 
 2.39050000e-05  9.99900010e-01 
 2.39150000e-05  9.99900010e-01 
 2.39250000e-05  9.99900010e-01 
 2.39350000e-05  9.99900010e-01 
 2.39450000e-05  9.99900010e-01 
 2.39550000e-05  9.99900010e-01 
 2.39650000e-05  9.99900010e-01 
 2.39750000e-05  9.99900010e-01 
 2.39850000e-05  9.99900010e-01 
 2.39950000e-05  9.99900010e-01 
 2.40050000e-05  9.99900010e-01 
 2.40150000e-05  9.99900010e-01 
 2.40250000e-05  9.99900010e-01 
 2.40350000e-05  9.99900010e-01 
 2.40450000e-05  9.99900010e-01 
 2.40550000e-05  9.99900010e-01 
 2.40650000e-05  9.99900010e-01 
 2.40750000e-05  9.99900010e-01 
 2.40850000e-05  9.99900010e-01 
 2.40950000e-05  9.99900010e-01 
 2.41050000e-05  9.99900010e-01 
 2.41150000e-05  9.99900010e-01 
 2.41250000e-05  9.99900010e-01 
 2.41350000e-05  9.99900010e-01 
 2.41450000e-05  9.99900010e-01 
 2.41550000e-05  9.99900010e-01 
 2.41650000e-05  9.99900010e-01 
 2.41750000e-05  9.99900010e-01 
 2.41850000e-05  9.99900010e-01 
 2.41950000e-05  9.99900010e-01 
 2.42050000e-05  9.99900010e-01 
 2.42150000e-05  9.99900010e-01 
 2.42250000e-05  9.99900010e-01 
 2.42350000e-05  9.99900010e-01 
 2.42450000e-05  9.99900010e-01 
 2.42550000e-05  9.99900010e-01 
 2.42650000e-05  9.99900010e-01 
 2.42750000e-05  9.99900010e-01 
 2.42850000e-05  9.99900010e-01 
 2.42950000e-05  9.99900010e-01 
 2.43050000e-05  9.99900010e-01 
 2.43150000e-05  9.99900010e-01 
 2.43250000e-05  9.99900010e-01 
 2.43350000e-05  9.99900010e-01 
 2.43450000e-05  9.99900010e-01 
 2.43550000e-05  9.99900010e-01 
 2.43650000e-05  9.99900010e-01 
 2.43750000e-05  9.99900010e-01 
 2.43850000e-05  9.99900010e-01 
 2.43950000e-05  9.99900010e-01 
 2.44050000e-05  9.99900010e-01 
 2.44150000e-05  9.99900010e-01 
 2.44250000e-05  9.99900010e-01 
 2.44350000e-05  9.99900010e-01 
 2.44450000e-05  9.99900010e-01 
 2.44550000e-05  9.99900010e-01 
 2.44650000e-05  9.99900010e-01 
 2.44750000e-05  9.99900010e-01 
 2.44850000e-05  9.99900010e-01 
 2.44950000e-05  9.99900010e-01 
 2.45050000e-05  9.99900010e-01 
 2.45150000e-05  9.99900010e-01 
 2.45250000e-05  9.99900010e-01 
 2.45350000e-05  9.99900010e-01 
 2.45450000e-05  9.99900010e-01 
 2.45550000e-05  9.99900010e-01 
 2.45650000e-05  9.99900010e-01 
 2.45750000e-05  9.99900010e-01 
 2.45850000e-05  9.99900010e-01 
 2.45950000e-05  9.99900010e-01 
 2.46050000e-05  9.99900010e-01 
 2.46150000e-05  9.99900010e-01 
 2.46250000e-05  9.99900010e-01 
 2.46350000e-05  9.99900010e-01 
 2.46450000e-05  9.99900010e-01 
 2.46550000e-05  9.99900010e-01 
 2.46650000e-05  9.99900010e-01 
 2.46750000e-05  9.99900010e-01 
 2.46850000e-05  9.99900010e-01 
 2.46950000e-05  9.99900010e-01 
 2.47050000e-05  9.99900010e-01 
 2.47150000e-05  9.99900010e-01 
 2.47250000e-05  9.99900010e-01 
 2.47350000e-05  9.99900010e-01 
 2.47450000e-05  9.99900010e-01 
 2.47550000e-05  9.99900010e-01 
 2.47650000e-05  9.99900010e-01 
 2.47750000e-05  9.99900010e-01 
 2.47850000e-05  9.99900010e-01 
 2.47950000e-05  9.99900010e-01 
 2.48050000e-05  9.99900010e-01 
 2.48150000e-05  9.99900010e-01 
 2.48250000e-05  9.99900010e-01 
 2.48350000e-05  9.99900010e-01 
 2.48450000e-05  9.99900010e-01 
 2.48550000e-05  9.99900010e-01 
 2.48650000e-05  9.99900010e-01 
 2.48750000e-05  9.99900010e-01 
 2.48850000e-05  9.99900010e-01 
 2.48950000e-05  9.99900010e-01 
 2.49050000e-05  9.99900010e-01 
 2.49150000e-05  9.99900010e-01 
 2.49250000e-05  9.99900010e-01 
 2.49350000e-05  9.99900010e-01 
 2.49450000e-05  9.99900010e-01 
 2.49550000e-05  9.99900010e-01 
 2.49650000e-05  9.99900010e-01 
 2.49750000e-05  9.99900010e-01 
 2.49850000e-05  9.99900010e-01 
 2.49950000e-05  9.99900010e-01 
 2.50050000e-05  9.99900010e-01 
 2.50150000e-05  9.99900010e-01 
 2.50250000e-05  9.99900010e-01 
 2.50350000e-05  9.99900010e-01 
 2.50450000e-05  9.99900010e-01 
 2.50550000e-05  9.99900010e-01 
 2.50650000e-05  9.99900010e-01 
 2.50750000e-05  9.99900010e-01 
 2.50850000e-05  9.99900010e-01 
 2.50950000e-05  9.99900010e-01 
 2.51050000e-05  9.99900010e-01 
 2.51150000e-05  9.99900010e-01 
 2.51250000e-05  9.99900010e-01 
 2.51350000e-05  9.99900010e-01 
 2.51450000e-05  9.99900010e-01 
 2.51550000e-05  9.99900010e-01 
 2.51650000e-05  9.99900010e-01 
 2.51750000e-05  9.99900010e-01 
 2.51850000e-05  9.99900010e-01 
 2.51950000e-05  9.99900010e-01 
 2.52050000e-05  9.99900010e-01 
 2.52150000e-05  9.99900010e-01 
 2.52250000e-05  9.99900010e-01 
 2.52350000e-05  9.99900010e-01 
 2.52450000e-05  9.99900010e-01 
 2.52550000e-05  9.99900010e-01 
 2.52650000e-05  9.99900010e-01 
 2.52750000e-05  9.99900010e-01 
 2.52850000e-05  9.99900010e-01 
 2.52950000e-05  9.99900010e-01 
 2.53050000e-05  9.99900010e-01 
 2.53150000e-05  9.99900010e-01 
 2.53250000e-05  9.99900010e-01 
 2.53350000e-05  9.99900010e-01 
 2.53450000e-05  9.99900010e-01 
 2.53550000e-05  9.99900010e-01 
 2.53650000e-05  9.99900010e-01 
 2.53750000e-05  9.99900010e-01 
 2.53850000e-05  9.99900010e-01 
 2.53950000e-05  9.99900010e-01 
 2.54050000e-05  9.99900010e-01 
 2.54150000e-05  9.99900010e-01 
 2.54250000e-05  9.99900010e-01 
 2.54350000e-05  9.99900010e-01 
 2.54450000e-05  9.99900010e-01 
 2.54550000e-05  9.99900010e-01 
 2.54650000e-05  9.99900010e-01 
 2.54750000e-05  9.99900010e-01 
 2.54850000e-05  9.99900010e-01 
 2.54950000e-05  9.99900010e-01 
 2.55050000e-05  9.99900010e-01 
 2.55150000e-05  9.99900010e-01 
 2.55250000e-05  9.99900010e-01 
 2.55350000e-05  9.99900010e-01 
 2.55450000e-05  9.99900010e-01 
 2.55550000e-05  9.99900010e-01 
 2.55650000e-05  9.99900010e-01 
 2.55750000e-05  9.99900010e-01 
 2.55850000e-05  9.99900010e-01 
 2.55950000e-05  9.99900010e-01 
 2.56050000e-05  9.99900010e-01 
 2.56150000e-05  9.99900010e-01 
 2.56250000e-05  9.99900010e-01 
 2.56350000e-05  9.99900010e-01 
 2.56450000e-05  9.99900010e-01 
 2.56550000e-05  9.99900010e-01 
 2.56650000e-05  9.99900010e-01 
 2.56750000e-05  9.99900010e-01 
 2.56850000e-05  9.99900010e-01 
 2.56950000e-05  9.99900010e-01 
 2.57050000e-05  9.99900010e-01 
 2.57150000e-05  9.99900010e-01 
 2.57250000e-05  9.99900010e-01 
 2.57350000e-05  9.99900010e-01 
 2.57450000e-05  9.99900010e-01 
 2.57550000e-05  9.99900010e-01 
 2.57650000e-05  9.99900010e-01 
 2.57750000e-05  9.99900010e-01 
 2.57850000e-05  9.99900010e-01 
 2.57950000e-05  9.99900010e-01 
 2.58050000e-05  9.99900010e-01 
 2.58150000e-05  9.99900010e-01 
 2.58250000e-05  9.99900010e-01 
 2.58350000e-05  9.99900010e-01 
 2.58450000e-05  9.99900010e-01 
 2.58550000e-05  9.99900010e-01 
 2.58650000e-05  9.99900010e-01 
 2.58750000e-05  9.99900010e-01 
 2.58850000e-05  9.99900010e-01 
 2.58950000e-05  9.99900010e-01 
 2.59050000e-05  9.99900010e-01 
 2.59150000e-05  9.99900010e-01 
 2.59250000e-05  9.99900010e-01 
 2.59350000e-05  9.99900010e-01 
 2.59450000e-05  9.99900010e-01 
 2.59550000e-05  9.99900010e-01 
 2.59650000e-05  9.99900010e-01 
 2.59750000e-05  9.99900010e-01 
 2.59850000e-05  9.99900010e-01 
 2.59950000e-05  9.99900010e-01 
 2.60050000e-05  9.99900010e-01 
 2.60150000e-05  9.99900010e-01 
 2.60250000e-05  9.99900010e-01 
 2.60350000e-05  9.99900010e-01 
 2.60450000e-05  9.99900010e-01 
 2.60550000e-05  9.99900010e-01 
 2.60650000e-05  9.99900010e-01 
 2.60750000e-05  9.99900010e-01 
 2.60850000e-05  9.99900010e-01 
 2.60950000e-05  9.99900010e-01 
 2.61050000e-05  9.99900010e-01 
 2.61150000e-05  9.99900010e-01 
 2.61250000e-05  9.99900010e-01 
 2.61350000e-05  9.99900010e-01 
 2.61450000e-05  9.99900010e-01 
 2.61550000e-05  9.99900010e-01 
 2.61650000e-05  9.99900010e-01 
 2.61750000e-05  9.99900010e-01 
 2.61850000e-05  9.99900010e-01 
 2.61950000e-05  9.99900010e-01 
 2.62050000e-05  9.99900010e-01 
 2.62150000e-05  9.99900010e-01 
 2.62250000e-05  9.99900010e-01 
 2.62350000e-05  9.99900010e-01 
 2.62450000e-05  9.99900010e-01 
 2.62550000e-05  9.99900010e-01 
 2.62650000e-05  9.99900010e-01 
 2.62750000e-05  9.99900010e-01 
 2.62850000e-05  9.99900010e-01 
 2.62950000e-05  9.99900010e-01 
 2.63050000e-05  9.99900010e-01 
 2.63150000e-05  9.99900010e-01 
 2.63250000e-05  9.99900010e-01 
 2.63350000e-05  9.99900010e-01 
 2.63450000e-05  9.99900010e-01 
 2.63550000e-05  9.99900010e-01 
 2.63650000e-05  9.99900010e-01 
 2.63750000e-05  9.99900010e-01 
 2.63850000e-05  9.99900010e-01 
 2.63950000e-05  9.99900010e-01 
 2.64050000e-05  9.99900010e-01 
 2.64150000e-05  9.99900010e-01 
 2.64250000e-05  9.99900010e-01 
 2.64350000e-05  9.99900010e-01 
 2.64450000e-05  9.99900010e-01 
 2.64550000e-05  9.99900010e-01 
 2.64650000e-05  9.99900010e-01 
 2.64750000e-05  9.99900010e-01 
 2.64850000e-05  9.99900010e-01 
 2.64950000e-05  9.99900010e-01 
 2.65050000e-05  9.99900010e-01 
 2.65150000e-05  9.99900010e-01 
 2.65250000e-05  9.99900010e-01 
 2.65350000e-05  9.99900010e-01 
 2.65450000e-05  9.99900010e-01 
 2.65550000e-05  9.99900010e-01 
 2.65650000e-05  9.99900010e-01 
 2.65750000e-05  9.99900010e-01 
 2.65850000e-05  9.99900010e-01 
 2.65950000e-05  9.99900010e-01 
 2.66050000e-05  9.99900010e-01 
 2.66150000e-05  9.99900010e-01 
 2.66250000e-05  9.99900010e-01 
 2.66350000e-05  9.99900010e-01 
 2.66450000e-05  9.99900010e-01 
 2.66550000e-05  9.99900010e-01 
 2.66650000e-05  9.99900010e-01 
 2.66750000e-05  9.99900010e-01 
 2.66850000e-05  9.99900010e-01 
 2.66950000e-05  9.99900010e-01 
 2.67050000e-05  9.99900010e-01 
 2.67150000e-05  9.99900010e-01 
 2.67250000e-05  9.99900010e-01 
 2.67350000e-05  9.99900010e-01 
 2.67450000e-05  9.99900010e-01 
 2.67550000e-05  9.99900010e-01 
 2.67650000e-05  9.99900010e-01 
 2.67750000e-05  9.99900010e-01 
 2.67850000e-05  9.99900010e-01 
 2.67950000e-05  9.99900010e-01 
 2.68050000e-05  9.99900010e-01 
 2.68150000e-05  9.99900010e-01 
 2.68250000e-05  9.99900010e-01 
 2.68350000e-05  9.99900010e-01 
 2.68450000e-05  9.99900010e-01 
 2.68550000e-05  9.99900010e-01 
 2.68650000e-05  9.99900010e-01 
 2.68750000e-05  9.99900010e-01 
 2.68850000e-05  9.99900010e-01 
 2.68950000e-05  9.99900010e-01 
 2.69050000e-05  9.99900010e-01 
 2.69150000e-05  9.99900010e-01 
 2.69250000e-05  9.99900010e-01 
 2.69350000e-05  9.99900010e-01 
 2.69450000e-05  9.99900010e-01 
 2.69550000e-05  9.99900010e-01 
 2.69650000e-05  9.99900010e-01 
 2.69750000e-05  9.99900010e-01 
 2.69850000e-05  9.99900010e-01 
 2.69950000e-05  9.99900010e-01 
 2.70050000e-05  9.99900010e-01 
 2.70150000e-05  9.99900010e-01 
 2.70250000e-05  9.99900010e-01 
 2.70350000e-05  9.99900010e-01 
 2.70450000e-05  9.99900010e-01 
 2.70550000e-05  9.99900010e-01 
 2.70650000e-05  9.99900010e-01 
 2.70750000e-05  9.99900010e-01 
 2.70850000e-05  9.99900010e-01 
 2.70950000e-05  9.99900010e-01 
 2.71050000e-05  9.99900010e-01 
 2.71150000e-05  9.99900010e-01 
 2.71250000e-05  9.99900010e-01 
 2.71350000e-05  9.99900010e-01 
 2.71450000e-05  9.99900010e-01 
 2.71550000e-05  9.99900010e-01 
 2.71650000e-05  9.99900010e-01 
 2.71750000e-05  9.99900010e-01 
 2.71850000e-05  9.99900010e-01 
 2.71950000e-05  9.99900010e-01 
 2.72050000e-05  9.99900010e-01 
 2.72150000e-05  9.99900010e-01 
 2.72250000e-05  9.99900010e-01 
 2.72350000e-05  9.99900010e-01 
 2.72450000e-05  9.99900010e-01 
 2.72550000e-05  9.99900010e-01 
 2.72650000e-05  9.99900010e-01 
 2.72750000e-05  9.99900010e-01 
 2.72850000e-05  9.99900010e-01 
 2.72950000e-05  9.99900010e-01 
 2.73050000e-05  9.99900010e-01 
 2.73150000e-05  9.99900010e-01 
 2.73250000e-05  9.99900010e-01 
 2.73350000e-05  9.99900010e-01 
 2.73450000e-05  9.99900010e-01 
 2.73550000e-05  9.99900010e-01 
 2.73650000e-05  9.99900010e-01 
 2.73750000e-05  9.99900010e-01 
 2.73850000e-05  9.99900010e-01 
 2.73950000e-05  9.99900010e-01 
 2.74050000e-05  9.99900010e-01 
 2.74150000e-05  9.99900010e-01 
 2.74250000e-05  9.99900010e-01 
 2.74350000e-05  9.99900010e-01 
 2.74450000e-05  9.99900010e-01 
 2.74550000e-05  9.99900010e-01 
 2.74650000e-05  9.99900010e-01 
 2.74750000e-05  9.99900010e-01 
 2.74850000e-05  9.99900010e-01 
 2.74950000e-05  9.99900010e-01 
 2.75050000e-05  9.99900010e-01 
 2.75150000e-05  9.99900010e-01 
 2.75250000e-05  9.99900010e-01 
 2.75350000e-05  9.99900010e-01 
 2.75450000e-05  9.99900010e-01 
 2.75550000e-05  9.99900010e-01 
 2.75650000e-05  9.99900010e-01 
 2.75750000e-05  9.99900010e-01 
 2.75850000e-05  9.99900010e-01 
 2.75950000e-05  9.99900010e-01 
 2.76050000e-05  9.99900010e-01 
 2.76150000e-05  9.99900010e-01 
 2.76250000e-05  9.99900010e-01 
 2.76350000e-05  9.99900010e-01 
 2.76450000e-05  9.99900010e-01 
 2.76550000e-05  9.99900010e-01 
 2.76650000e-05  9.99900010e-01 
 2.76750000e-05  9.99900010e-01 
 2.76850000e-05  9.99900010e-01 
 2.76950000e-05  9.99900010e-01 
 2.77050000e-05  9.99900010e-01 
 2.77150000e-05  9.99900010e-01 
 2.77250000e-05  9.99900010e-01 
 2.77350000e-05  9.99900010e-01 
 2.77450000e-05  9.99900010e-01 
 2.77550000e-05  9.99900010e-01 
 2.77650000e-05  9.99900010e-01 
 2.77750000e-05  9.99900010e-01 
 2.77850000e-05  9.99900010e-01 
 2.77950000e-05  9.99900010e-01 
 2.78050000e-05  9.99900010e-01 
 2.78150000e-05  9.99900010e-01 
 2.78250000e-05  9.99900010e-01 
 2.78350000e-05  9.99900010e-01 
 2.78450000e-05  9.99900010e-01 
 2.78550000e-05  9.99900010e-01 
 2.78650000e-05  9.99900010e-01 
 2.78750000e-05  9.99900010e-01 
 2.78850000e-05  9.99900010e-01 
 2.78950000e-05  9.99900010e-01 
 2.79050000e-05  9.99900010e-01 
 2.79150000e-05  9.99900010e-01 
 2.79250000e-05  9.99900010e-01 
 2.79350000e-05  9.99900010e-01 
 2.79450000e-05  9.99900010e-01 
 2.79550000e-05  9.99900010e-01 
 2.79650000e-05  9.99900010e-01 
 2.79750000e-05  9.99900010e-01 
 2.79850000e-05  9.99900010e-01 
 2.79950000e-05  9.99900010e-01 
 2.80050000e-05  9.99900010e-01 
 2.80150000e-05  9.99900010e-01 
 2.80250000e-05  9.99900010e-01 
 2.80350000e-05  9.99900010e-01 
 2.80450000e-05  9.99900010e-01 
 2.80550000e-05  9.99900010e-01 
 2.80650000e-05  9.99900010e-01 
 2.80750000e-05  9.99900010e-01 
 2.80850000e-05  9.99900010e-01 
 2.80950000e-05  9.99900010e-01 
 2.81050000e-05  9.99900010e-01 
 2.81150000e-05  9.99900010e-01 
 2.81250000e-05  9.99900010e-01 
 2.81350000e-05  9.99900010e-01 
 2.81450000e-05  9.99900010e-01 
 2.81550000e-05  9.99900010e-01 
 2.81650000e-05  9.99900010e-01 
 2.81750000e-05  9.99900010e-01 
 2.81850000e-05  9.99900010e-01 
 2.81950000e-05  9.99900010e-01 
 2.82050000e-05  9.99900010e-01 
 2.82150000e-05  9.99900010e-01 
 2.82250000e-05  9.99900010e-01 
 2.82350000e-05  9.99900010e-01 
 2.82450000e-05  9.99900010e-01 
 2.82550000e-05  9.99900010e-01 
 2.82650000e-05  9.99900010e-01 
 2.82750000e-05  9.99900010e-01 
 2.82850000e-05  9.99900010e-01 
 2.82950000e-05  9.99900010e-01 
 2.83050000e-05  9.99900010e-01 
 2.83150000e-05  9.99900010e-01 
 2.83250000e-05  9.99900010e-01 
 2.83350000e-05  9.99900010e-01 
 2.83450000e-05  9.99900010e-01 
 2.83550000e-05  9.99900010e-01 
 2.83650000e-05  9.99900010e-01 
 2.83750000e-05  9.99900010e-01 
 2.83850000e-05  9.99900010e-01 
 2.83950000e-05  9.99900010e-01 
 2.84050000e-05  9.99900010e-01 
 2.84150000e-05  9.99900010e-01 
 2.84250000e-05  9.99900010e-01 
 2.84350000e-05  9.99900010e-01 
 2.84450000e-05  9.99900010e-01 
 2.84550000e-05  9.99900010e-01 
 2.84650000e-05  9.99900010e-01 
 2.84750000e-05  9.99900010e-01 
 2.84850000e-05  9.99900010e-01 
 2.84950000e-05  9.99900010e-01 
 2.85050000e-05  9.99900010e-01 
 2.85150000e-05  9.99900010e-01 
 2.85250000e-05  9.99900010e-01 
 2.85350000e-05  9.99900010e-01 
 2.85450000e-05  9.99900010e-01 
 2.85550000e-05  9.99900010e-01 
 2.85650000e-05  9.99900010e-01 
 2.85750000e-05  9.99900010e-01 
 2.85850000e-05  9.99900010e-01 
 2.85950000e-05  9.99900010e-01 
 2.86050000e-05  9.99900010e-01 
 2.86150000e-05  9.99900010e-01 
 2.86250000e-05  9.99900010e-01 
 2.86350000e-05  9.99900010e-01 
 2.86450000e-05  9.99900010e-01 
 2.86550000e-05  9.99900010e-01 
 2.86650000e-05  9.99900010e-01 
 2.86750000e-05  9.99900010e-01 
 2.86850000e-05  9.99900010e-01 
 2.86950000e-05  9.99900010e-01 
 2.87050000e-05  9.99900010e-01 
 2.87150000e-05  9.99900010e-01 
 2.87250000e-05  9.99900010e-01 
 2.87350000e-05  9.99900010e-01 
 2.87450000e-05  9.99900010e-01 
 2.87550000e-05  9.99900010e-01 
 2.87650000e-05  9.99900010e-01 
 2.87750000e-05  9.99900010e-01 
 2.87850000e-05  9.99900010e-01 
 2.87950000e-05  9.99900010e-01 
 2.88050000e-05  9.99900010e-01 
 2.88150000e-05  9.99900010e-01 
 2.88250000e-05  9.99900010e-01 
 2.88350000e-05  9.99900010e-01 
 2.88450000e-05  9.99900010e-01 
 2.88550000e-05  9.99900010e-01 
 2.88650000e-05  9.99900010e-01 
 2.88750000e-05  9.99900010e-01 
 2.88850000e-05  9.99900010e-01 
 2.88950000e-05  9.99900010e-01 
 2.89050000e-05  9.99900010e-01 
 2.89150000e-05  9.99900010e-01 
 2.89250000e-05  9.99900010e-01 
 2.89350000e-05  9.99900010e-01 
 2.89450000e-05  9.99900010e-01 
 2.89550000e-05  9.99900010e-01 
 2.89650000e-05  9.99900010e-01 
 2.89750000e-05  9.99900010e-01 
 2.89850000e-05  9.99900010e-01 
 2.89950000e-05  9.99900010e-01 
 2.90050000e-05  9.99900010e-01 
 2.90150000e-05  9.99900010e-01 
 2.90250000e-05  9.99900010e-01 
 2.90350000e-05  9.99900010e-01 
 2.90450000e-05  9.99900010e-01 
 2.90550000e-05  9.99900010e-01 
 2.90650000e-05  9.99900010e-01 
 2.90750000e-05  9.99900010e-01 
 2.90850000e-05  9.99900010e-01 
 2.90950000e-05  9.99900010e-01 
 2.91050000e-05  9.99900010e-01 
 2.91150000e-05  9.99900010e-01 
 2.91250000e-05  9.99900010e-01 
 2.91350000e-05  9.99900010e-01 
 2.91450000e-05  9.99900010e-01 
 2.91550000e-05  9.99900010e-01 
 2.91650000e-05  9.99900010e-01 
 2.91750000e-05  9.99900010e-01 
 2.91850000e-05  9.99900010e-01 
 2.91950000e-05  9.99900010e-01 
 2.92050000e-05  9.99900010e-01 
 2.92150000e-05  9.99900010e-01 
 2.92250000e-05  9.99900010e-01 
 2.92350000e-05  9.99900010e-01 
 2.92450000e-05  9.99900010e-01 
 2.92550000e-05  9.99900010e-01 
 2.92650000e-05  9.99900010e-01 
 2.92750000e-05  9.99900010e-01 
 2.92850000e-05  9.99900010e-01 
 2.92950000e-05  9.99900010e-01 
 2.93050000e-05  9.99900010e-01 
 2.93150000e-05  9.99900010e-01 
 2.93250000e-05  9.99900010e-01 
 2.93350000e-05  9.99900010e-01 
 2.93450000e-05  9.99900010e-01 
 2.93550000e-05  9.99900010e-01 
 2.93650000e-05  9.99900010e-01 
 2.93750000e-05  9.99900010e-01 
 2.93850000e-05  9.99900010e-01 
 2.93950000e-05  9.99900010e-01 
 2.94050000e-05  9.99900010e-01 
 2.94150000e-05  9.99900010e-01 
 2.94250000e-05  9.99900010e-01 
 2.94350000e-05  9.99900010e-01 
 2.94450000e-05  9.99900010e-01 
 2.94550000e-05  9.99900010e-01 
 2.94650000e-05  9.99900010e-01 
 2.94750000e-05  9.99900010e-01 
 2.94850000e-05  9.99900010e-01 
 2.94950000e-05  9.99900010e-01 
 2.95050000e-05  9.99900010e-01 
 2.95150000e-05  9.99900010e-01 
 2.95250000e-05  9.99900010e-01 
 2.95350000e-05  9.99900010e-01 
 2.95450000e-05  9.99900010e-01 
 2.95550000e-05  9.99900010e-01 
 2.95650000e-05  9.99900010e-01 
 2.95750000e-05  9.99900010e-01 
 2.95850000e-05  9.99900010e-01 
 2.95950000e-05  9.99900010e-01 
 2.96050000e-05  9.99900010e-01 
 2.96150000e-05  9.99900010e-01 
 2.96250000e-05  9.99900010e-01 
 2.96350000e-05  9.99900010e-01 
 2.96450000e-05  9.99900010e-01 
 2.96550000e-05  9.99900010e-01 
 2.96650000e-05  9.99900010e-01 
 2.96750000e-05  9.99900010e-01 
 2.96850000e-05  9.99900010e-01 
 2.96950000e-05  9.99900010e-01 
 2.97050000e-05  9.99900010e-01 
 2.97150000e-05  9.99900010e-01 
 2.97250000e-05  9.99900010e-01 
 2.97350000e-05  9.99900010e-01 
 2.97450000e-05  9.99900010e-01 
 2.97550000e-05  9.99900010e-01 
 2.97650000e-05  9.99900010e-01 
 2.97750000e-05  9.99900010e-01 
 2.97850000e-05  9.99900010e-01 
 2.97950000e-05  9.99900010e-01 
 2.98050000e-05  9.99900010e-01 
 2.98150000e-05  9.99900010e-01 
 2.98250000e-05  9.99900010e-01 
 2.98350000e-05  9.99900010e-01 
 2.98450000e-05  9.99900010e-01 
 2.98550000e-05  9.99900010e-01 
 2.98650000e-05  9.99900010e-01 
 2.98750000e-05  9.99900010e-01 
 2.98850000e-05  9.99900010e-01 
 2.98950000e-05  9.99900010e-01 
 2.99050000e-05  9.99900010e-01 
 2.99150000e-05  9.99900010e-01 
 2.99250000e-05  9.99900010e-01 
 2.99350000e-05  9.99900010e-01 
 2.99450000e-05  9.99900010e-01 
 2.99550000e-05  9.99900010e-01 
 2.99650000e-05  9.99900010e-01 
 2.99750000e-05  9.99900010e-01 
 2.99850000e-05  9.99900010e-01 
 2.99950000e-05  9.99900010e-01 
 3.00000000e-05  9.99900010e-01 
