 0.00000000e+00  0.00000000e+00 
 5.00000000e-10  7.92830244e-04 
 5.66025951e-10  9.13426370e-04 
 6.98077852e-10  1.19106696e-03 
 9.62181654e-10  2.03102360e-03 
 1.49038926e-09  5.61409422e-03 
 2.28414325e-09  1.83203736e-02 
 3.14052659e-09  4.21859193e-02 
 3.94150622e-09  6.62934505e-02 
 4.83695967e-09  7.45255568e-02 
 5.44074773e-09  5.89277508e-02 
 6.14157836e-09  1.94256988e-02 
 6.85573314e-09 -2.28110727e-02 
 7.31659402e-09 -3.34573116e-02 
 7.90863026e-09 -5.55045266e-04 
 8.51365953e-09  1.01851093e-01 
 9.36315746e-09  3.20089761e-01 
 1.01920136e-08  4.63232364e-01 
 1.10052532e-08  3.15455139e-01 
 1.17194281e-08 -1.39132552e-01 
 1.25024249e-08 -7.94499034e-01 
 1.32710166e-08 -1.08242166e+00 
 1.40587869e-08 -3.62270135e-01 
 1.48646380e-08  1.59076291e+00 
 1.56015654e-08  3.63235162e+00 
 1.63983297e-08  4.04274803e+00 
 1.71652503e-08  7.79024060e-01 
 1.79456798e-08 -6.12548440e+00 
 1.86964570e-08 -1.25364779e+01 
 1.94499154e-08 -1.21110364e+01 
 2.01886587e-08  4.03492138e-01 
 2.10383534e-08  2.65886449e+01 
 2.18544709e-08  4.56678446e+01 
 2.26054460e-08  3.36988965e+01 
 2.33791575e-08 -2.34224477e+01 
 2.41336908e-08 -1.05622378e+02 
 2.49030983e-08 -1.55430266e+02 
 2.56598795e-08 -9.27691374e+01 
 2.64224653e-08  1.18838467e+02 
 2.71639069e-08  3.92578772e+02 
 2.79942174e-08  5.18842315e+02 
 2.87475193e-08  2.09802399e+02 
 2.94673292e-08 -5.36992435e+02 
 3.02379461e-08 -1.46764993e+03 
 3.09955946e-08 -1.73210401e+03 
 3.17628568e-08 -4.84295878e+02 
 3.24900598e-08  2.21160113e+03 
 3.32631599e-08  5.26812861e+03 
 3.39914803e-08  5.75458499e+03 
 3.47542796e-08  1.03853622e+03 
 3.55185456e-08 -8.90946657e+03 
 3.62764458e-08 -1.86373832e+04 
 3.70234736e-08 -1.85422869e+04 
 3.77716951e-08 -4.23011348e+02 
 3.86211722e-08  3.80711579e+04 
 3.94270786e-08  6.69145470e+04 
 4.01803265e-08  5.12630916e+04 
 4.09476350e-08 -3.02293726e+04 
 4.17164139e-08 -1.53614826e+05 
 4.25740367e-08 -2.28003081e+05 
 4.33558136e-08 -1.11722958e+05 
 4.41437928e-08  2.30477826e+05 
 4.48850463e-08  6.21982875e+05 
 4.56887871e-08  7.42790057e+05 
 4.64260461e-08  2.27301256e+05 
 4.71397501e-08 -9.03827951e+05 
 4.79116045e-08 -2.23911412e+06 
 4.86453261e-08 -2.50845805e+06 
 4.94100705e-08 -5.44259219e+05 
 5.01656683e-08  3.65928408e+06 
 5.09265335e-08  7.94953566e+06 
 5.16683065e-08  8.16507207e+06 
 5.24230577e-08  6.00378188e+05 
 5.32763525e-08 -1.59616848e+07 
 5.40692779e-08 -2.87015143e+07 
 5.48282475e-08 -2.29283307e+07 
 5.55883504e-08  1.08165539e+07 
 5.63736845e-08  6.49374373e+07 
 5.72286598e-08  9.85557921e+07 
 5.80118059e-08  5.10550937e+07 
 5.87851006e-08 -9.14655791e+07 
 5.95330336e-08 -2.63253911e+08 
 6.03389075e-08 -3.23555179e+08 
 6.10855994e-08 -1.07540665e+08 
 6.17959471e-08  3.73150614e+08 
 6.25713999e-08  9.56281287e+08 
 6.33089250e-08  1.08827596e+09 
 6.40777680e-08  2.54768888e+08 
 6.48296048e-08 -1.54009835e+09 
 6.55925335e-08 -3.40931697e+09 
 6.63316379e-08 -3.55169984e+09 
 6.70878045e-08 -3.50897118e+08 
 6.79441015e-08  6.78698310e+09 
 6.87305076e-08  1.23349492e+10 
 6.94928346e-08  1.00444680e+10 
 7.02490940e-08 -4.20829073e+09 
 7.10427341e-08 -2.77282533e+10 
 7.18962424e-08 -4.25234634e+10 
 7.26745503e-08 -2.28739240e+10 
 7.34476089e-08  3.79216356e+10 
 7.41938087e-08  1.12180786e+11 
 7.50059984e-08  1.40003376e+11 
 7.57534320e-08  4.87372691e+10 
 7.64653891e-08 -1.57759192e+11 
 7.72398331e-08 -4.09923262e+11 
 7.79816101e-08 -4.70254685e+11 
 7.87502439e-08 -1.14934888e+11 
 7.94980573e-08  6.52320126e+11 
 8.02624466e-08  1.46390486e+12 
 8.09991976e-08  1.54063622e+12 
 8.17566101e-08  1.79875378e+11 
 8.26148381e-08 -2.89490006e+12 
 8.33964499e-08 -5.30322091e+12 
 8.41612487e-08 -4.37979694e+12 
 8.49146644e-08  1.66876282e+12 
 8.57144881e-08  1.18650492e+13 
 8.65669800e-08  1.83376981e+13 
 8.73417242e-08  1.01300155e+13 
 8.81156641e-08 -1.59046034e+13 
 8.88600388e-08 -4.79411478e+13 
 8.96773354e-08 -6.04812245e+13 
 9.04247642e-08 -2.17237038e+13 
 9.11377148e-08  6.70263835e+13 
 9.19114081e-08  1.75936039e+14 
 9.26562001e-08  2.03016430e+14 
 9.34247342e-08  5.11274092e+13 
 9.41682234e-08 -2.76866212e+14 
 9.49344060e-08 -6.28889669e+14 
 9.56686161e-08 -6.67414043e+14 
 9.64275614e-08 -8.74554348e+13 
 9.72869373e-08  1.23625997e+15 
 9.80645817e-08  2.28014869e+15 
 9.88313530e-08  1.90576519e+15 
 9.95824284e-08 -6.66187884e+14 
 1.00000000e-07 -3.00255153e+15 
 1.00080502e-07 -3.50626095e+15 
 1.00241507e-07 -4.51745688e+15 
 1.00563515e-07 -6.43603130e+15 
 1.01135108e-07 -8.43784727e+15 
 1.01919369e-07 -5.26016703e+15 
 1.02652276e-07  5.48879408e+15 
 1.03414252e-07  2.07338632e+16 
 1.04236544e-07  2.83303851e+16 
 1.05009536e-07  1.21537518e+16 
 1.05819752e-07 -3.32598472e+16 
 1.06550034e-07 -8.05986641e+16 
 1.07345829e-07 -9.11383777e+16 
 1.08067453e-07 -2.31494701e+16 
 1.08812203e-07  1.27560013e+17 
 1.09566101e-07  2.87200972e+17 
 1.10305988e-07  3.06460370e+17 
 1.11057966e-07  4.55552799e+16 
 1.11831933e-07 -5.02757897e+17 
 1.12584065e-07 -1.01591777e+18 
 1.13337820e-07 -9.81802516e+17 
 1.14082080e-07  2.83055547e+16 
 1.14927203e-07  2.11057351e+18 
 1.15745800e-07  3.63000172e+18 
 1.16493699e-07  2.66804514e+18 
 1.17267826e-07 -1.90110305e+18 
 1.18020917e-07 -8.45409241e+18 
 1.18789874e-07 -1.24299747e+19 
 1.19546871e-07 -7.42726778e+18 
 1.20309891e-07  9.47868146e+18 
 1.21051138e-07  3.13281636e+19 
 1.21881511e-07  4.13999238e+19 
 1.22634458e-07  1.67309118e+19 
 1.23354179e-07 -4.28859508e+19 
 1.24124755e-07 -1.17193519e+20 
 1.24882470e-07 -1.38325369e+20 
 1.25649791e-07 -3.87037719e+19 
 1.26376964e-07  1.76527827e+20 
 1.27150090e-07  4.20582119e+20 
 1.27878399e-07  4.59446181e+20 
 1.28641187e-07  8.29523600e+19 
 1.29405421e-07 -7.11263558e+20 
 1.30163329e-07 -1.48802582e+21 
 1.30910342e-07 -1.48060086e+21 
 1.31658576e-07 -3.41001348e+19 
 1.32508075e-07  3.03936649e+21 
 1.33313933e-07  5.34249483e+21 
 1.34067203e-07  4.09348412e+21 
 1.34834482e-07 -2.41212076e+21 
 1.35603323e-07 -1.22641529e+22 
 1.36460933e-07 -1.82045230e+22 
 1.37242761e-07 -8.92116791e+21 
 1.38030710e-07  1.83991429e+22 
 1.38771989e-07  4.96592017e+22 
 1.39575725e-07  5.93070760e+22 
 1.40313007e-07  1.81505645e+22 
 1.41026689e-07 -7.21573388e+22 
 1.41798560e-07 -1.78773218e+23 
 1.42532279e-07 -2.00283750e+23 
 1.43297040e-07 -4.34605977e+22 
 1.44052631e-07  2.92154145e+23 
 1.44813502e-07  6.34703925e+23 
 1.45555269e-07  6.51926436e+23 
 1.46310024e-07  4.79593225e+22 
 1.47163322e-07 -1.27438989e+24 
 1.47956238e-07 -2.29158238e+24 
 1.48715212e-07 -1.83069464e+24 
 1.49475309e-07  8.63490613e+23 
 1.50260656e-07  5.18467292e+24 
 1.51115629e-07  7.86892335e+24 
 1.51898768e-07  4.07659636e+24 
 1.52672047e-07 -7.30214953e+24 
 1.53419985e-07 -2.10183232e+25 
 1.54225863e-07 -2.58336319e+25 
 1.54972564e-07 -8.58715566e+24 
 1.55682917e-07  2.97922071e+25 
 1.56458368e-07  7.63509228e+25 
 1.57195902e-07  8.68906968e+25 
 1.57964744e-07  2.03428602e+25 
 1.58716577e-07 -1.22962114e+26 
 1.59479507e-07 -2.72205934e+26 
 1.60218609e-07 -2.83577966e+26 
 1.60974776e-07 -2.80239318e+25 
 1.61831077e-07  5.41880466e+26 
 1.62617477e-07  9.84846466e+26 
 1.63379807e-07  8.01984589e+26 
 1.64136063e-07 -3.35964090e+26 
 1.64929711e-07 -2.21386472e+27 
 1.65783218e-07 -3.39516980e+27 
 1.66561521e-07 -1.82637044e+27 
 1.67334581e-07  3.02764014e+27 
 1.68080778e-07  8.95666351e+27 
 1.68892975e-07  1.11782133e+28 
 1.69640408e-07  3.89146556e+27 
 1.70352367e-07 -1.25956079e+28 
 1.71126810e-07 -3.27290002e+28 
 1.71868591e-07 -3.75462547e+28 
 1.72637224e-07 -9.17704089e+27 
 1.73385032e-07  5.20816424e+28 
 1.74149424e-07  1.16880902e+29 
 1.74886171e-07  1.23008634e+29 
 1.75643586e-07  1.43640677e+28 
 1.76501815e-07 -2.31132443e+29 
 1.77283422e-07 -4.23419564e+29 
 1.78048223e-07 -3.49697093e+29 
 1.78801636e-07  1.33224793e+29 
 1.79601466e-07  9.47323743e+29 
 1.80453957e-07  1.46412278e+30 
 1.81228697e-07  8.08826617e+29 
 1.82002638e-07 -1.26981944e+30 
 1.82747011e-07 -3.82768956e+30 
 1.83564313e-07 -4.82896545e+30 
 1.84311742e-07 -1.73453159e+30 
 1.85024694e-07  5.35144727e+30 
 1.85798386e-07  1.40470522e+31 
 1.86543182e-07  1.62093055e+31 
 1.87311716e-07  4.08226508e+30 
 1.88055200e-07 -2.21052241e+31 
 1.88821385e-07 -5.02117440e+31 
 1.89555592e-07 -5.32880942e+31 
 1.90314539e-07 -6.98350800e+30 
 1.91173916e-07  9.87046866e+31 
 1.91951556e-07  1.82051555e+32 
 1.92718330e-07  1.52162044e+32 
 1.93469403e-07 -5.31852195e+31 
 1.94274430e-07 -4.05665177e+32 
 1.95126166e-07 -6.31161820e+32 
 1.95897880e-07 -3.56353112e+32 
 1.96672641e-07  5.34466489e+32 
 1.97415422e-07  1.63733503e+33 
 1.98237090e-07  2.08474503e+33 
 1.98984486e-07  7.68152159e+32 
 1.99698296e-07 -2.27794155e+33 
 2.00471348e-07 -6.03125386e+33 
 2.01218693e-07 -6.99428252e+33 
 2.01987143e-07 -1.80500849e+33 
 2.02726999e-07  9.40118803e+33 
 2.03494722e-07  2.15764520e+34 
 2.04226775e-07  2.30577007e+34 
 2.04987046e-07  3.29320241e+33 
 2.05847362e-07 -4.22013114e+34 
 2.06621692e-07 -7.82788670e+34 
 2.07390140e-07 -6.60782085e+34 
 2.08139240e-07  2.13975432e+34 
 2.08948638e-07  1.73849988e+35 
 2.09799755e-07  2.71996952e+35 
 2.10568961e-07  1.56299031e+35 
 2.11344433e-07 -2.25722139e+35 
 2.12085870e-07 -7.01029253e+35 
 2.12911187e-07 -8.99493729e+35 
 2.13658550e-07 -3.38306575e+35 
 2.14373089e-07  9.71374801e+35 
 2.15145607e-07  2.59052760e+36 
 2.15895069e-07  3.01659322e+36 
 2.16663448e-07  7.93950407e+35 
 2.17400311e-07 -4.00592344e+36 
 2.18169327e-07 -9.27380242e+36 
 2.18899587e-07 -9.96671988e+36 
 2.19660978e-07 -1.51888065e+36 
 2.20432590e-07  1.61352658e+37 
 2.21187932e-07  3.28163076e+37 
 2.21939309e-07  3.18290436e+37 
 2.22685587e-07 -7.77276232e+35 
 2.23529811e-07 -6.79923459e+37 
 2.24347102e-07 -1.17294194e+38 
 2.25095160e-07 -8.67240887e+37 
 2.25868758e-07  6.03264941e+37 
 2.26623596e-07  2.72584568e+38 
 2.27394034e-07  4.01806940e+38 
 2.28150633e-07  2.40960740e+38 
 2.28914052e-07 -3.05109912e+38 
 2.29654938e-07 -1.01128195e+39 
 2.30486179e-07 -1.33848845e+39 
 2.31239018e-07 -5.42913458e+38 
 2.31958863e-07  1.38322619e+39 
 2.32729325e-07  3.78565848e+39 
 2.33487463e-07  4.47211364e+39 
 2.34254779e-07  1.25591168e+39 
 2.34981347e-07 -5.69263805e+39 
 2.35754754e-07 -1.35879192e+40 
 2.36483109e-07 -1.48571128e+40 
 2.37245893e-07 -2.70598972e+39 
 2.38009743e-07  2.29431433e+40 
 2.38767763e-07  4.80751345e+40 
 2.39514555e-07  4.79026590e+40 
 2.40262879e-07  1.22864926e+39 
 2.41112693e-07 -9.81179100e+40 
 2.41917912e-07 -1.72646877e+41 
 2.42671489e-07 -1.32540546e+41 
 2.43438407e-07  7.73494280e+40 
 2.44208035e-07  3.96063177e+41 
 2.45065489e-07  5.88497666e+41 
 2.45847956e-07  2.88735277e+41 
 2.46635521e-07 -5.93584042e+41 
 2.47377121e-07 -1.60456634e+42 
 2.48180797e-07 -1.91738872e+42 
 2.48918374e-07 -5.87642723e+41 
 2.49631782e-07  2.32966338e+42 
 2.50403863e-07  5.77723007e+42 
 2.51137547e-07  6.47477281e+42 
 2.51902520e-07  1.40709715e+42 
 2.52658020e-07 -9.43840890e+42 
 2.53418972e-07 -2.05130643e+43 
 2.54160664e-07 -2.10753689e+43 
 2.54915471e-07 -1.56001506e+42 
 2.55768804e-07  4.11800071e+43 
 2.56561600e-07  7.40645353e+43 
 2.57320629e-07  5.91908777e+43 
 2.58080658e-07 -2.78572469e+43 
 2.58866159e-07 -1.67548055e+44 
 2.59721108e-07 -2.54344475e+44 
 2.60504152e-07 -1.31865414e+44 
 2.61277239e-07  2.35745395e+44 
 2.62025238e-07  6.79168845e+44 
 2.62831161e-07  8.35108616e+44 
 2.63577978e-07  2.77915368e+44 
 2.64288406e-07 -9.62547149e+44 
 2.65063837e-07 -2.46753441e+45 
 2.65801476e-07 -2.80862716e+45 
 2.66570303e-07 -6.58164693e+44 
 2.67322100e-07  3.97325458e+45 
 2.68085034e-07  8.79765074e+45 
 2.68824116e-07  9.16681994e+45 
 2.69580288e-07  9.08908939e+44 
 2.70436638e-07 -1.75116889e+46 
 2.71222954e-07 -3.18309723e+46 
 2.71985331e-07 -2.59267928e+46 
 2.72741536e-07  1.08445054e+46 
 2.73535291e-07  7.15482780e+46 
 2.74388777e-07  1.09739941e+47 
 2.75167021e-07  5.90592997e+46 
 2.75940094e-07 -9.78152720e+46 
 2.76686262e-07 -2.89457135e+47 
 2.77498543e-07 -3.61317182e+47 
 2.78245977e-07 -1.25852348e+47 
 2.78957952e-07  4.07018942e+47 
 2.79732383e-07  1.05779482e+48 
 2.80474214e-07  1.21360619e+48 
 2.81242846e-07  2.96780454e+47 
 2.81990581e-07 -1.68295660e+48 
 2.82755002e-07 -3.77762661e+48 
 2.83491708e-07 -3.97623825e+48 
 2.84249148e-07 -4.65277951e+47 
 2.85107397e-07  7.46952901e+48 
 2.85888936e-07  1.36852509e+49 
 2.86653771e-07  1.13047643e+49 
 2.87407144e-07 -4.30075351e+48 
 2.88207062e-07 -3.06161475e+49 
 2.89059540e-07 -4.73236548e+49 
 2.89834229e-07 -2.61527934e+49 
 2.90608183e-07  4.10269444e+49 
 2.91352529e-07  1.23703257e+50 
 2.92169905e-07  1.56086615e+50 
 2.92917333e-07  5.60897449e+49 
 2.93630299e-07 -1.72933693e+50 
 2.94403981e-07 -4.54000768e+50 
 2.95148819e-07 -5.23928640e+50 
 2.95917352e-07 -1.32005074e+50 
 2.96660775e-07  7.14326701e+50 
 2.97426985e-07  1.62286573e+51 
 2.98161156e-07  1.72249795e+51 
 2.98920125e-07  2.26082591e+50 
 2.99779519e-07 -3.18990820e+51 
 3.00557103e-07 -5.88405267e+51 
 3.01323904e-07 -4.91882872e+51 
 3.02074944e-07  1.71711385e+51 
 3.02880045e-07  1.31106807e+52 
 3.03731770e-07  2.04004252e+52 
 3.04503442e-07  1.15215446e+52 
 3.05278215e-07 -1.72691510e+52 
 3.06020973e-07 -5.29161540e+52 
 3.06842703e-07 -6.73845552e+52 
 3.07590099e-07 -2.48375260e+52 
 3.08303920e-07  7.36144981e+52 
 3.09076964e-07  1.94931289e+53 
 3.09824344e-07  2.26072422e+53 
 3.10592793e-07  5.83620896e+52 
 3.11332598e-07 -3.03807190e+53 
 3.12100343e-07 -6.97363152e+53 
 3.12832366e-07 -7.45310229e+53 
 3.13592656e-07 -1.06570931e+53 
 3.14366939e-07  1.22508331e+54 
 3.15121195e-07  2.46820293e+54 
 3.15874193e-07  2.37310471e+54 
 3.16619681e-07 -9.65039865e+52 
 3.17462277e-07 -5.13856019e+54 
 3.18283410e-07 -8.80799862e+54 
 3.19029832e-07 -6.43191283e+54 
 3.19805489e-07  4.71844202e+54 
 3.20555659e-07  2.05573867e+55 
 3.21322286e-07  3.01466008e+55 
 3.22079762e-07  1.79698286e+55 
 3.22842147e-07 -2.30300241e+55 
 3.23583849e-07 -7.60426045e+55 
 3.24413474e-07 -1.00405166e+56 
 3.25166698e-07 -4.04899609e+55 
 3.25886431e-07  1.04161289e+56 
 3.26657081e-07  2.84360866e+56 
 3.27414559e-07  3.35445366e+56 
 3.28181858e-07  9.36311319e+55 
 3.28909431e-07 -4.28814645e+56 
 3.29682365e-07 -1.02041678e+57 
 3.30410647e-07 -1.11403935e+57 
 3.31173433e-07 -1.99983200e+56 
 3.31937917e-07  1.72743113e+57 
 3.32695752e-07  3.61020393e+57 
 3.33442911e-07  3.58888252e+57 
 3.34191085e-07  7.65097537e+55 
 3.35040378e-07 -7.37784517e+57 
 3.35846654e-07 -1.29597538e+58 
 3.36599724e-07 -9.91733908e+57 
 3.37367239e-07  5.88074044e+57 
 3.38135565e-07  2.97631341e+58 
 3.38993278e-07  4.41503021e+58 
 3.39774688e-07  2.16192314e+58 
 3.40562890e-07 -4.46815432e+58 
 3.41303958e-07 -1.20473145e+59 
 3.42107733e-07 -1.43825508e+59 
 3.42844822e-07 -4.39756597e+58 
 3.43558685e-07  1.75144880e+59 
 3.44330418e-07  4.33664872e+59 
 3.45064159e-07  4.85726007e+59 
 3.45828781e-07  1.05296467e+59 
 3.46584432e-07 -7.08842226e+59 
 3.47345250e-07 -1.53955546e+60 
 3.48087067e-07 -1.58105015e+60 
 3.48841788e-07 -1.15837297e+59 
 3.49695063e-07  3.09154760e+60 
 3.50488058e-07  5.55839541e+60 
 3.51246995e-07  4.43937655e+60 
 3.52007138e-07 -2.09697407e+60 
 3.52792382e-07 -1.25768733e+61 
 3.53647371e-07 -1.90857021e+61 
 3.54430573e-07 -9.88270531e+60 
 3.55203979e-07  1.77248101e+61 
 3.55951876e-07  5.09887741e+61 
 3.56757724e-07  6.26534571e+61 
 3.57504349e-07  2.08101837e+61 
 3.58214653e-07 -7.22801282e+61 
 3.58990118e-07 -1.85201842e+62 
 3.59727581e-07 -2.10744871e+62 
 3.60496433e-07 -4.93095725e+61 
 3.61248291e-07  2.98298398e+62 
 3.62011217e-07  6.60260509e+62 
 3.62750334e-07  6.87764087e+62 
 3.63506497e-07  6.78176190e+61 
 3.64362766e-07 -1.31446965e+63 
 3.65149220e-07 -2.38879127e+63 
 3.65911520e-07 -1.94495237e+63 
 3.66667809e-07  8.15593078e+62 
 3.67461388e-07  5.37010342e+63 
 3.68314908e-07  8.23487106e+63 
 3.69093250e-07  4.42848323e+63 
 3.69866301e-07 -7.34567409e+63 
 3.70612518e-07 -2.17262349e+64 
 3.71424659e-07 -2.71118493e+64 
 3.72172092e-07 -9.43511616e+63 
 3.72884039e-07  3.05552134e+64 
 3.73658490e-07  7.93872510e+64 
 3.74400238e-07  9.10660924e+64 
 3.75168873e-07  2.22508670e+64 
 3.75916728e-07 -1.26344292e+65 
 3.76681101e-07 -2.83502649e+65 
 3.77417876e-07 -2.98338151e+65 
 3.78175274e-07 -3.47903140e+64 
 3.79033491e-07  5.60664265e+65 
 3.79815141e-07  1.02702328e+66 
 3.80579921e-07  8.48093430e+65 
 3.81333359e-07 -3.23398391e+65 
 3.82133132e-07 -2.29788006e+66 
 3.82985632e-07 -3.55119408e+66 
 3.83760406e-07 -1.96130781e+66 
 3.84534338e-07  3.08072618e+66 
 3.85278728e-07  9.28476039e+66 
 3.86095982e-07  1.17123464e+67 
 3.86843411e-07  4.20578543e+66 
 3.87556353e-07 -1.29816227e+67 
 3.88330053e-07 -3.40722998e+67 
 3.89074820e-07 -3.93148609e+67 
 3.89843355e-07 -9.89860267e+66 
 3.90586880e-07  5.36237113e+67 
 3.91353047e-07  1.21791697e+68 
 3.92087278e-07  1.29243535e+68 
 3.92846211e-07  1.69205276e+67 
 3.93705577e-07 -2.39427714e+68 
 3.94483254e-07 -4.41574064e+68 
 3.95250009e-07 -3.69034781e+68 
 3.96001104e-07  1.29095732e+68 
 3.96806083e-07  9.83995514e+68 
 3.97657826e-07  1.53087287e+69 
 3.98429568e-07  8.64156226e+68 
 3.99204321e-07 -1.29663070e+69 
 3.99947117e-07 -3.97161750e+69 
 4.00768744e-07 -5.05644726e+69 
 4.01516141e-07 -1.86268145e+69 
 4.02229942e-07  5.52576166e+69 
 4.03003001e-07  1.46292540e+70 
 4.03750322e-07  1.69643680e+70 
 4.04518772e-07  4.37700293e+69 
 4.05258662e-07 -2.28053065e+70 
 4.06026371e-07 -5.23348884e+70 
 4.06758444e-07 -5.59241681e+70 
 4.07518703e-07 -7.98128597e+69 
 4.08379010e-07  1.02366427e+71 
 4.09153370e-07  1.89868696e+71 
 4.09921803e-07  1.60260860e+71 
 4.10670921e-07 -5.19336309e+70 
 4.11480279e-07 -4.21693346e+71 
 4.12331402e-07 -6.59726288e+71 
 4.13100631e-07 -3.79041110e+71 
 4.13876096e-07  5.47589831e+71 
 4.14617545e-07  1.70044296e+72 
 4.15442829e-07  2.18169032e+72 
 4.16190192e-07  8.20397405e+71 
 4.16904724e-07 -2.35629073e+72 
 4.17677247e-07 -6.28349484e+72 
 4.18426690e-07 -7.31666635e+72 
 4.19195070e-07 -1.92536109e+72 
 4.19931960e-07  9.71734677e+72 
 4.20700963e-07  2.24940739e+73 
 4.21431241e-07  2.41735281e+73 
 4.22192621e-07  3.68181792e+72 
 4.22964257e-07 -3.91404466e+73 
 4.23719590e-07 -7.95977653e+73 
 4.24470982e-07 -7.71968432e+73 
 4.25217252e-07  1.89675662e+72 
 4.26061461e-07  1.64926610e+74 
 4.26878788e-07  2.84499411e+74 
 4.27626830e-07  2.10326827e+74 
 4.28400448e-07 -1.46379659e+74 
 4.29155242e-07 -6.61185598e+74 
 4.29925645e-07 -9.74582401e+74 
 4.30682252e-07 -5.84417385e+74 
 4.31445661e-07  7.40085264e+74 
 4.32186555e-07  2.45291411e+75 
 4.33017781e-07  3.24649714e+75 
 4.33770624e-07  1.31676326e+75 
 4.34490468e-07 -3.35512816e+75 
 4.35260931e-07 -9.18221100e+75 
 4.36019063e-07 -1.08470820e+76 
 4.36786379e-07 -3.04603396e+75 
 4.37512956e-07  1.38080010e+76 
 4.38286358e-07  3.29577708e+76 
 4.39014713e-07  3.60357191e+76 
 4.39777497e-07  6.56246598e+75 
 4.40541353e-07 -5.56503898e+76 
 4.41299371e-07 -1.16607171e+77 
 4.42046167e-07 -1.16186326e+77 
 4.42794489e-07 -2.97540144e+75 
 4.43644299e-07  2.37989787e+77 
 4.44449527e-07  4.18756810e+77 
 4.45203099e-07  3.21468966e+77 
 4.45970023e-07 -1.87634118e+77 
 4.46739639e-07 -9.60665114e+77 
 4.47597096e-07 -1.42739966e+78 
 4.48379552e-07 -7.00314075e+77 
 4.49167123e-07  1.43978131e+78 
 4.49908719e-07  3.89190014e+78 
 4.50712396e-07  4.65061541e+78 
 4.51449968e-07  1.42529305e+78 
 4.52163380e-07 -5.65070270e+78 
 4.52935458e-07 -1.40127304e+79 
 4.53669143e-07 -1.57045383e+79 
 4.54434112e-07 -3.41283129e+78 
 4.55189614e-07  2.28930620e+79 
 4.55950565e-07  4.97545729e+79 
 4.56692258e-07  5.11182360e+79 
 4.57447064e-07  3.78345641e+78 
 4.58300396e-07 -9.98826430e+79 
 4.59093194e-07 -1.79643922e+80 
 4.59852222e-07 -1.43566959e+80 
 4.60612252e-07  6.75697861e+79 
 4.61397750e-07  4.06389504e+80 
 4.62252700e-07  6.16913170e+80 
 4.63035745e-07  3.19836235e+80 
 4.63808836e-07 -5.71811392e+80 
 4.64556833e-07 -1.64733313e+81 
 4.65362756e-07 -2.02555448e+81 
 4.66109571e-07 -6.74071274e+80 
 4.66819998e-07  2.33467594e+81 
 4.67595429e-07  5.98502319e+81 
 4.68333067e-07  6.81232900e+81 
 4.69101894e-07  1.59635685e+81 
 4.69853692e-07 -9.63718374e+81 
 4.70616626e-07 -2.13387526e+82 
 4.71355708e-07 -2.22341145e+82 
 4.72111880e-07 -2.20444626e+81 
 4.72968229e-07  4.24747690e+82 
 4.73754546e-07  7.72061738e+82 
 4.74516923e-07  6.28853345e+82 
 4.75273128e-07 -2.63039206e+82 
 4.76066881e-07 -1.73540889e+83 
 4.76920368e-07 -2.66174541e+83 
 4.77698613e-07 -1.43247514e+83 
 4.78471686e-07  2.37252895e+83 
 4.79217854e-07  7.02080717e+83 
 4.80030134e-07  8.76375459e+83 
 4.80777568e-07  3.05252608e+83 
 4.81489543e-07 -9.87229343e+83 
 4.82263973e-07 -2.56568747e+84 
 4.83005804e-07 -2.94360448e+84 
 4.83774436e-07 -7.19836046e+83 
 4.84522172e-07  4.08203253e+84 
 4.85286593e-07  9.16265308e+84 
 4.86023299e-07  9.64436591e+84 
 4.86780739e-07  1.12849613e+84 
 4.87638987e-07 -1.81174091e+85 
 4.88420528e-07 -3.31936401e+85 
 4.89185362e-07 -2.74196745e+85 
 4.89938736e-07  1.04316892e+85 
 4.90738652e-07  7.42596866e+85 
 4.91591130e-07  1.14783670e+86 
 4.92365820e-07  6.34333204e+85 
 4.93139775e-07 -9.95115860e+85 
 4.93884121e-07 -3.00043224e+86 
 4.94701496e-07 -3.78588421e+86 
 4.95448924e-07 -1.36044892e+86 
 4.96161890e-07  4.19452563e+86 
 4.96935572e-07  1.10118139e+87 
 4.97680409e-07  1.27079022e+87 
 4.98448942e-07  3.20176593e+86 
 4.99192366e-07 -1.73260762e+87 
 4.99958576e-07 -3.93626906e+87 
 5.00692747e-07 -4.17792001e+87 
 5.01451716e-07 -5.48350698e+86 
 5.02311109e-07  7.73714854e+87 
 5.03088694e-07  1.42717972e+88 
 5.03855495e-07  1.19306113e+88 
 5.04606535e-07 -4.16493698e+87 
 5.05411635e-07 -3.18000447e+88 
 5.06263361e-07 -4.94812981e+88 
 5.07035033e-07 -2.79454149e+88 
 5.07809806e-07  4.18865997e+88 
 5.08552564e-07  1.28348520e+89 
 5.09374293e-07  1.63441408e+89 
 5.10121689e-07  6.02431567e+88 
 5.10835510e-07 -1.78552693e+89 
 5.11608554e-07 -4.72806886e+89 
 5.12355934e-07 -5.48339285e+89 
 5.13124383e-07 -1.41556679e+89 
 5.13864188e-07  7.36887483e+89 
 5.14631933e-07  1.69145776e+90 
 5.15363956e-07  1.80775096e+90 
 5.16124246e-07  2.58483411e+89 
 5.16898530e-07 -2.97145315e+90 
 5.17652785e-07 -5.98663868e+90 
 5.18405784e-07 -5.75596406e+90 
 5.19151272e-07  2.34095397e+89 
 5.19993867e-07  1.24636196e+91 
 5.20815001e-07  2.13638360e+91 
 5.21561423e-07  1.56005785e+91 
 5.22337080e-07 -1.14447216e+91 
 5.23087250e-07 -4.98620811e+91 
 5.23853876e-07 -7.31206851e+91 
 5.24611351e-07 -4.35858115e+91 
 5.25373736e-07  5.58594933e+91 
 5.26115438e-07  1.84441711e+92 
 5.26945063e-07  2.43533068e+92 
 5.27698287e-07  9.82083833e+91 
 5.28418020e-07 -2.52643814e+92 
 5.29188670e-07 -6.89718485e+92 
 5.29946148e-07 -8.13623847e+92 
 5.30713447e-07 -2.27102250e+92 
 5.31441020e-07  1.04009252e+93 
 5.32213955e-07  2.47502506e+93 
 5.32942236e-07  2.70210589e+93 
 5.33705022e-07  4.85057977e+92 
 5.34469507e-07 -4.18989414e+93 
 5.35227341e-07 -8.75656430e+93 
 5.35974500e-07 -8.70484371e+93 
 5.36722674e-07 -1.85564512e+92 
 5.37571968e-07  1.78949997e+94 
 5.38378244e-07  3.14339320e+94 
 5.39131313e-07  2.40545230e+94 
 5.39898829e-07 -1.42638066e+94 
 5.40667154e-07 -7.21906161e+94 
 5.41524868e-07 -1.07086709e+95 
 5.42306277e-07 -5.24374926e+94 
 5.43094479e-07  1.08375334e+95 
 5.43835547e-07  2.92208088e+95 
 5.44639322e-07  3.48849250e+95 
 5.45376411e-07  1.06663042e+95 
 5.46090274e-07 -4.24814747e+95 
 5.46862007e-07 -1.05185579e+96 
 5.47595748e-07 -1.17813008e+96 
 5.48360370e-07 -2.55396768e+95 
 5.49116020e-07  1.71929974e+96 
 5.49876839e-07  3.73419745e+96 
 5.50618655e-07  3.83484251e+96 
 5.51373377e-07  2.80962979e+95 
 5.52226651e-07 -7.49856070e+96 
 5.53019646e-07 -1.34819084e+97 
 5.53778584e-07 -1.07677222e+97 
 5.54538726e-07  5.08622240e+96 
 5.55323971e-07  3.05052539e+97 
 5.56178960e-07  4.62924388e+97 
 5.56962162e-07  2.39705290e+97 
 5.57735568e-07 -4.29916129e+97 
 5.58483465e-07 -1.23673470e+98 
 5.59289313e-07 -1.51966176e+98 
 5.60035937e-07 -5.04751461e+97 
 5.60746242e-07  1.75315743e+98 
 5.61521706e-07  4.49207757e+98 
 5.62259170e-07  5.11162431e+98 
 5.63028022e-07  1.19600493e+98 
 5.63779880e-07 -7.23523929e+98 
 5.64542806e-07 -1.60146429e+99 
 5.65281922e-07 -1.66817419e+99 
 5.66038086e-07 -1.64491626e+98 
 5.66894355e-07  3.18825111e+99 
 5.67680809e-07  5.79402191e+99 
 5.68443109e-07  4.71748857e+99 
 5.69199398e-07 -1.97822512e+99 
 5.69992976e-07 -1.30252058e+100 
 5.70846497e-07 -1.99737093e+100 
 5.71624839e-07 -1.07412998e+100 
 5.72397890e-07  1.78169625e+100 
 5.73144107e-07  5.26970642e+100 
 5.73956247e-07  6.57598868e+100 
 5.74703680e-07  2.28849023e+100 
 5.75415628e-07 -7.41117878e+100 
 5.76190079e-07 -1.92554069e+101 
 5.76931827e-07 -2.20881132e+101 
 5.77700462e-07 -5.39695448e+100 
 5.78448317e-07  3.06448569e+101 
 5.79212689e-07  6.87636710e+101 
 5.79949465e-07  7.23620231e+101 
 5.80706863e-07  8.43839503e+100 
 5.81565079e-07 -1.35989328e+102 
 5.82346730e-07 -2.49104870e+102 
 5.83111510e-07 -2.05705351e+102 
 5.83864948e-07  7.84404395e+101 
 5.84664721e-07  5.57351662e+102 
 5.85517221e-07  8.61343400e+102 
 5.86291994e-07  4.75715835e+102 
 5.87065926e-07 -7.47231375e+102 
 5.87810317e-07 -2.25202210e+103 
 5.88627571e-07 -2.84083379e+103 
 5.89375000e-07 -1.02011456e+103 
 5.90087942e-07  3.14869755e+103 
 5.90861642e-07  8.26424879e+103 
 5.91606409e-07  9.53583356e+103 
 5.92374944e-07  2.40090917e+103 
 5.93118468e-07 -1.30064518e+104 
 5.93884636e-07 -2.95406205e+104 
 5.94618867e-07 -3.13480649e+104 
 5.95377800e-07 -4.10407711e+103 
 5.96237166e-07  5.80732815e+104 
 5.97014843e-07  1.07103950e+105 
 5.97781598e-07  8.95095135e+104 
 5.98532693e-07 -3.13122321e+104 
 5.99337672e-07 -2.38668476e+105 
 6.00189415e-07 -3.71313766e+105 
 6.00961157e-07 -2.09601375e+105 
 6.01735910e-07  3.14498289e+105 
 6.02478706e-07  9.63317300e+105 
 6.03300333e-07  1.22644309e+106 
 6.04047730e-07  4.51793980e+105 
 6.04761531e-07 -1.34027558e+106 
 6.05534590e-07 -3.54833092e+106 
 6.06281910e-07 -4.11471353e+106 
 6.07050361e-07 -1.06164347e+106 
 6.07790251e-07  5.53143576e+106 
 6.08557960e-07  1.26938462e+107 
 6.09290033e-07  1.35644268e+107 
 6.10050292e-07  1.93586274e+106 
 6.10910599e-07 -2.48290149e+107 
 6.11684959e-07 -4.60527212e+107 
 6.12453392e-07 -3.88713276e+107 
 6.13202510e-07  1.25965265e+107 
 6.14011868e-07  1.02281876e+108 
 6.14862990e-07  1.60016849e+108 
 6.15632219e-07  9.19365478e+107 
 6.16407685e-07 -1.32818128e+108 
 6.17149134e-07 -4.12443070e+108 
 6.17974418e-07 -5.29169769e+108 
 6.18721781e-07 -1.98987659e+108 
 6.19436313e-07  5.71519203e+108 
 6.20208836e-07  1.52406397e+109 
 6.20958279e-07  1.77466005e+109 
 6.21726658e-07  4.66996967e+108 
 6.22463548e-07 -2.35694612e+109 
 6.23232552e-07 -5.45594582e+109 
 6.23962830e-07 -5.86329784e+109 
 6.24724210e-07 -8.93025899e+108 
 6.25495846e-07  9.49353017e+109 
 6.26251179e-07  1.93064670e+110 
 6.27002570e-07  1.87241214e+110 
 6.27748841e-07 -4.60060888e+108 
 6.28593050e-07 -4.00030106e+110 
 6.29410377e-07 -6.90054352e+110 
 6.30158419e-07 -5.10148440e+110 
 6.30932036e-07  3.55044486e+110 
 6.31686831e-07  1.60370811e+111 
 6.32457234e-07  2.36385313e+111 
 6.33213840e-07  1.41750642e+111 
 6.33977250e-07 -1.79507954e+111 
 6.34718144e-07 -5.94955211e+111 
 6.35549370e-07 -7.87439051e+111 
 6.36302213e-07 -3.19381391e+111 
 6.37022056e-07  8.13787564e+111 
 6.37792520e-07  2.22714861e+112 
 6.38550652e-07  2.63096364e+112 
 6.39317967e-07  7.38816607e+111 
 6.40044545e-07 -3.34913570e+112 
 6.40817947e-07 -7.99391923e+112 
 6.41546302e-07 -8.74047663e+112 
 6.42309086e-07 -1.59172834e+112 
 6.43072942e-07  1.34980224e+113 
 6.43830960e-07  2.82831115e+113 
 6.44577756e-07  2.81810350e+113 
 6.45326078e-07  7.21683922e+111 
 6.46175888e-07 -5.77245095e+113 
 6.46981116e-07 -1.01569616e+114 
 6.47734688e-07 -7.79724123e+113 
 6.48501612e-07  4.55107268e+113 
 6.49271228e-07  2.33009672e+114 
 6.50128684e-07  3.46216302e+114 
 6.50911141e-07  1.69861429e+114 
 6.51698712e-07 -3.49219484e+114 
 6.52440307e-07 -9.43981788e+114 
 6.53243985e-07 -1.12800844e+115 
 6.53981557e-07 -3.45705338e+114 
 6.54694969e-07  1.37058000e+115 
 6.55467047e-07  3.39879284e+115 
 6.56200731e-07  3.80914142e+115 
 6.56965701e-07  8.27783447e+114 
 6.57721203e-07 -5.55272047e+115 
 6.58482154e-07 -1.20679896e+116 
 6.59223847e-07 -1.23987466e+116 
 6.59978653e-07 -9.17678657e+114 
 6.60831984e-07  2.42265712e+116 
 6.61624782e-07  4.35726981e+116 
 6.62383810e-07  3.48222177e+116 
 6.63143841e-07 -1.63890763e+116 
 6.63929339e-07 -9.85699212e+116 
 6.64784289e-07 -1.49632512e+117 
 6.65567334e-07 -7.75763936e+116 
 6.66340424e-07  1.38693061e+117 
 6.67088422e-07  3.99561246e+117 
 6.67894345e-07  4.91298970e+117 
 6.68641160e-07  1.63496229e+117 
 6.69351586e-07 -5.66276495e+117 
 6.70127018e-07 -1.45166954e+118 
 6.70864656e-07 -1.65233286e+118 
 6.71633483e-07 -3.87196927e+117 
 6.72385281e-07  2.33750240e+118 
 6.73148214e-07  5.17572215e+118 
 6.73887296e-07  5.39289248e+118 
 6.74643468e-07  5.34689216e+117 
 6.75499818e-07 -1.03022706e+119 
 6.76286135e-07 -1.87263853e+119 
 6.77048512e-07 -1.52528605e+119 
 6.77804717e-07  6.38002553e+118 
 6.78598470e-07  4.20924053e+119 
 6.79451957e-07  6.45607309e+119 
 6.80230202e-07  3.47447361e+119 
 6.81003274e-07 -5.75457757e+119 
 6.81749443e-07 -1.70289932e+120 
 6.82561722e-07 -2.12565184e+120 
 6.83309157e-07 -7.40391298e+119 
 6.84021131e-07  2.39452834e+120 
 6.84795562e-07  6.22308422e+120 
 6.85537393e-07  7.13972328e+120 
 6.86306025e-07  1.74596492e+120 
 6.87053761e-07 -9.90098467e+120 
 6.87818182e-07 -2.22240481e+121 
 6.88554888e-07 -2.33924443e+121 
 6.89312327e-07 -2.73717138e+120 
 6.90170576e-07  4.39438412e+121 
 6.90952117e-07  8.05112940e+121 
 6.91716951e-07  6.65065194e+121 
 6.92470325e-07 -2.53021001e+121 
 6.93270241e-07 -1.80117138e+122 
 6.94122719e-07 -2.78408206e+122 
 6.94897409e-07 -1.53857747e+122 
 6.95671363e-07  2.41365712e+122 
 6.96415710e-07  7.27755924e+122 
 6.97233084e-07  9.18267581e+122 
 6.97980513e-07  3.29977374e+122 
 6.98693478e-07 -1.01738371e+123 
 6.99467160e-07 -2.67091945e+123 
 7.00211998e-07 -3.08230626e+123 
 7.00980531e-07 -7.76589478e+122 
 7.01723954e-07  4.20244604e+123 
 7.02490164e-07  9.54743483e+123 
 7.03224336e-07  1.01335601e+124 
 7.03983305e-07  1.33002657e+123 
 7.04842698e-07 -1.87664817e+124 
 7.05620282e-07 -3.46162956e+124 
 7.06387084e-07 -2.89377408e+124 
 7.07138124e-07  1.01020698e+124 
 7.07943224e-07  7.71311233e+124 
 7.08794949e-07  1.20017067e+125 
 7.09566622e-07  6.77817044e+124 
 7.10341394e-07 -1.01596099e+125 
 7.11084153e-07 -3.11309798e+125 
 7.11905881e-07 -3.96427724e+125 
 7.12653278e-07 -1.46119993e+125 
 7.13367099e-07  4.33080201e+125 
 7.14140143e-07  1.14679481e+126 
 7.14887523e-07  1.32999891e+126 
 7.15655971e-07  3.43346233e+125 
 7.16395777e-07 -1.78732325e+126 
 7.17163522e-07 -4.10263691e+126 
 7.17895545e-07 -4.38470648e+126 
 7.18655835e-07 -6.26952439e+125 
 7.19430119e-07  7.20727035e+126 
 7.20184374e-07  1.45206137e+127 
 7.20937373e-07  1.39611116e+127 
 7.21682861e-07 -5.67799270e+125 
 7.22525456e-07 -3.02305544e+127 
 7.23346590e-07 -5.18180613e+127 
 7.24093012e-07 -3.78392593e+127 
 7.24868669e-07  2.77592137e+127 
 7.25618839e-07  1.20940658e+128 
 7.26385465e-07  1.77354486e+128 
 7.27142940e-07  1.05717543e+128 
 7.27905325e-07 -1.35487403e+128 
 7.28647027e-07 -4.47364035e+128 
 7.29476652e-07 -5.90690336e+128 
 7.30229876e-07 -2.38204788e+128 
 7.30949609e-07  6.12788484e+128 
 7.31720258e-07  1.67291467e+129 
 7.32477737e-07  1.97344758e+129 
 7.33245036e-07  5.50837326e+128 
 7.33972609e-07 -2.52274816e+129 
 7.34745543e-07 -6.00318221e+129 
 7.35473825e-07 -6.55396760e+129 
 7.36236611e-07 -1.17650987e+129 
 7.37001095e-07  1.01626034e+130 
 7.37758930e-07  2.12390783e+130 
 7.38506089e-07  2.11136298e+130 
 7.39254263e-07  4.50087376e+128 
 7.40103556e-07 -4.34043863e+130 
 7.40909832e-07 -7.62431155e+130 
 7.41662902e-07 -5.83443323e+130 
 7.42430418e-07  3.45969144e+130 
 7.43198743e-07  1.75098600e+131 
 7.44056456e-07  2.59739200e+131 
 7.44837866e-07  1.27187328e+131 
 7.45626067e-07 -2.62864763e+131 
 7.46367136e-07 -7.08751773e+131 
 7.47170911e-07 -8.46135116e+131 
 7.47907999e-07 -2.58711592e+131 
 7.48621862e-07  1.03038970e+132 
 7.49393595e-07  2.55128002e+132 
 7.50127337e-07  2.85755876e+132 
 7.50891959e-07  6.19465783e+131 
 7.51647609e-07 -4.17016773e+132 
 7.52408428e-07 -9.05730940e+132 
 7.53150244e-07 -9.30142436e+132 
 7.53904966e-07 -6.81476719e+131 
 7.54758240e-07  1.81877860e+133 
 7.55551235e-07  3.27004175e+133 
 7.56310173e-07  2.61171491e+133 
 7.57070315e-07 -1.23366508e+133 
 7.57855560e-07 -7.39906034e+133 
 7.58710549e-07 -1.12282477e+134 
 7.59493750e-07 -5.81406047e+133 
 7.60267156e-07  1.04276312e+134 
 7.61015054e-07  2.99970448e+134 
 7.61820901e-07  3.68594509e+134 
 7.62567526e-07  1.22427649e+134 
 7.63277831e-07 -4.25228968e+134 
 7.64053295e-07 -1.08955504e+135 
 7.64790759e-07 -1.23982632e+135 
 7.65559610e-07 -2.90091428e+134 
 7.66311469e-07  1.75490990e+135 
 7.67074395e-07  3.88435741e+135 
 7.67813511e-07  4.04616251e+135 
 7.68569675e-07  3.98975032e+134 
 7.69425943e-07 -7.73311458e+135 
 7.70212398e-07 -1.40534211e+136 
 7.70974698e-07 -1.14422856e+136 
 7.71730987e-07  4.79819218e+135 
 7.72524565e-07  3.15926838e+136 
 7.73378085e-07  4.84463040e+136 
 7.74156427e-07  2.60530614e+136 
 7.74929478e-07 -4.32151069e+136 
 7.75675695e-07 -1.27816920e+137 
 7.76487836e-07 -1.59500843e+137 
 7.77235269e-07 -5.55074132e+136 
 7.77947217e-07  1.79758409e+137 
 7.78721668e-07  4.67040589e+137 
 7.79463416e-07  5.35747983e+137 
 7.80232050e-07  1.30903326e+137 
 7.80979906e-07 -7.43292111e+137 
 7.81744278e-07 -1.66786532e+138 
 7.82481054e-07 -1.75514348e+138 
 7.83238451e-07 -2.04673576e+137 
 7.84096668e-07  3.29842607e+138 
 7.84878319e-07  6.04204763e+138 
 7.85643098e-07  4.98939072e+138 
 7.86396537e-07 -1.90257569e+138 
 7.87196310e-07 -1.35185847e+139 
 7.88048809e-07 -2.08919153e+139 
 7.88823583e-07 -1.15385047e+139 
 7.89597515e-07  1.81241240e+139 
 7.90341905e-07  5.46228773e+139 
 7.91159159e-07  6.89045260e+139 
 7.91906588e-07  2.47429154e+139 
 7.92619531e-07 -7.63717728e+139 
 7.93393230e-07 -2.00449653e+140 
 7.94137997e-07 -2.31291987e+140 
 7.94906532e-07 -5.82341385e+139 
 7.95650057e-07  3.15471957e+140 
 7.96416225e-07  7.16508816e+140 
 7.97150456e-07  7.60348445e+140 
 7.97909388e-07  9.95445384e+139 
 7.98768755e-07 -1.40856954e+141 
 7.99546432e-07 -2.59781017e+141 
 8.00313187e-07 -2.17105648e+141 
 8.01064282e-07  7.59479319e+140 
 8.01869261e-07  5.78891250e+141 
 8.02721003e-07  9.00622880e+141 
 8.03492746e-07  5.08388892e+141 
 8.04267499e-07 -7.62816736e+141 
 8.05010294e-07 -2.33652959e+142 
 8.05831921e-07 -2.97474214e+142 
 8.06579319e-07 -1.09582793e+142 
 8.07293120e-07  3.25084327e+142 
 8.08066179e-07  8.60648945e+142 
 8.08813499e-07  9.98025252e+142 
 8.09581950e-07  2.57502006e+142 
 8.10321840e-07 -1.34165174e+143 
 8.11089548e-07 -3.07889699e+143 
 8.11821622e-07 -3.29005661e+143 
 8.12581880e-07 -4.69544207e+142 
 8.13442187e-07  6.02228653e+143 
 8.14216548e-07  1.11701042e+144 
 8.14984980e-07  9.42825453e+143 
 8.15734099e-07 -3.05529205e+143 
 8.16543457e-07 -2.48085060e+144 
 8.17394579e-07 -3.88121444e+144 
 8.18163808e-07 -2.22992429e+144 
 8.18939273e-07  3.22150848e+144 
 8.19680723e-07  1.00038215e+145 
 8.20506006e-07  1.28350319e+145 
 8.21253370e-07  4.82645286e+144 
 8.21967901e-07 -1.38622189e+145 
 8.22740424e-07 -3.69662265e+145 
 8.23489867e-07 -4.30444435e+145 
 8.24258247e-07 -1.13270283e+145 
 8.24995137e-07  5.71678133e+145 
 8.25764141e-07  1.32334163e+146 
 8.26494418e-07  1.42214501e+146 
 8.27255799e-07  2.16603754e+145 
 8.28027435e-07 -2.30265917e+146 
 8.28782767e-07 -4.68279054e+146 
 8.29534159e-07 -4.54154241e+146 
 8.30280430e-07  1.11587935e+145 
 8.31124639e-07  9.70274467e+146 
 8.31941966e-07  1.67372932e+147 
 8.32690008e-07  1.23736688e+147 
 8.33463625e-07 -8.61161681e+146 
 8.34218419e-07 -3.88979980e+147 
 8.34988822e-07 -5.73353429e+147 
 8.35745429e-07 -3.43816694e+147 
 8.36508838e-07  4.35397192e+147 
 8.37249732e-07  1.44306601e+148 
 8.38080958e-07  1.90993626e+148 
 8.38833801e-07  7.74660716e+147 
 8.39553645e-07 -1.97384467e+148 
 8.40324109e-07 -5.40195698e+148 
 8.41082241e-07 -6.38141180e+148 
 8.41849556e-07 -1.79200235e+148 
 8.42576133e-07  8.12334074e+148 
 8.43349536e-07  1.93892800e+149 
 8.44077890e-07  2.12000576e+149 
 8.44840675e-07  3.86074284e+148 
 8.45604531e-07 -3.27395021e+149 
 8.46362549e-07 -6.86007890e+149 
 8.47109344e-07 -6.83532020e+149 
 8.47857666e-07 -1.75044696e+148 
 8.48707476e-07  1.40011006e+150 
 8.49512705e-07  2.46357469e+150 
 8.50266277e-07  1.89122367e+150 
 8.51033200e-07 -1.10386432e+150 
 8.51802817e-07 -5.65165801e+150 
 8.52660273e-07 -8.39748890e+150 
 8.53442730e-07 -4.11999510e+150 
 8.54230301e-07  8.47033119e+150 
 8.54971896e-07  2.28963123e+151 
 8.55775573e-07  2.73598855e+151 
 8.56513145e-07  8.38509546e+150 
 8.57226557e-07 -3.32434673e+151 
 8.57998635e-07 -8.24378429e+151 
 8.58732320e-07 -9.23908627e+151 
 8.59497289e-07 -2.00779174e+151 
 8.60252791e-07  1.34681436e+152 
 8.61013742e-07  2.92709524e+152 
 8.61755435e-07  3.00732046e+152 
 8.62510241e-07  2.22583290e+151 
 8.63363573e-07 -5.87616359e+152 
 8.64156371e-07 -1.05685737e+153 
 8.64915399e-07 -8.44614148e+152 
 8.65675430e-07  3.97517638e+152 
 8.66460928e-07  2.39081700e+153 
 8.67315878e-07  3.62934198e+153 
 8.68098923e-07  1.88161823e+153 
 8.68872013e-07 -3.36400521e+153 
 8.69620011e-07 -9.69137244e+153 
 8.70425934e-07 -1.19164743e+154 
 8.71172748e-07 -3.96560693e+153 
 8.71883175e-07  1.37350568e+154 
 8.72658607e-07  3.52102970e+154 
 8.73396244e-07  4.00773931e+154 
 8.74165072e-07  9.39147545e+153 
 8.74916869e-07 -5.66962051e+154 
 8.75679803e-07 -1.25537328e+155 
 8.76418885e-07 -1.30804802e+155 
 8.77175057e-07 -1.29689062e+154 
 8.78031407e-07  2.49881945e+155 
 8.78817724e-07  4.54209152e+155 
 8.79580100e-07  3.69958683e+155 
 8.80336306e-07 -1.54747749e+155 
 8.81130059e-07 -1.02095281e+156 
 8.81983545e-07 -1.56592286e+156 
 8.82761791e-07 -8.42734829e+155 
 8.83534863e-07  1.39577487e+156 
 8.84281032e-07  4.13038844e+156 
 8.85093311e-07  5.15577621e+156 
 8.85840745e-07  1.79582177e+156 
 8.86552720e-07 -5.80793714e+156 
 8.87327151e-07 -1.50941132e+157 
 8.88068981e-07 -1.73174246e+157 
 8.88837613e-07 -4.23484421e+156 
 8.89585350e-07  2.40148740e+157 
 8.90349771e-07  5.39045090e+157 
 8.91086477e-07  5.67384581e+157 
 8.91843916e-07  6.63901907e+156 
 8.92702165e-07 -1.06585946e+158 
 8.93483705e-07 -1.95280434e+158 
 8.94248539e-07 -1.61311803e+158 
 8.95001913e-07  6.13703351e+157 
 8.95801830e-07  4.36874769e+158 
 8.96654308e-07  6.75280109e+158 
 8.97428998e-07  3.73182521e+158 
 8.98202952e-07 -5.85433406e+158 
 8.98947298e-07 -1.76517462e+159 
 8.99764673e-07 -2.22726133e+159 
 9.00512101e-07 -8.00361312e+158 
 9.01225067e-07  2.46766786e+159 
 9.01998749e-07  6.47832476e+159 
 9.02743587e-07  7.47614495e+159 
 9.03512119e-07  1.88362058e+159 
 9.04255543e-07 -1.01930480e+160 
 9.05021753e-07 -2.31573376e+160 
 9.05755925e-07 -2.45789865e+160 
 9.06514893e-07 -3.22598426e+159 
 9.07374286e-07  4.55181692e+160 
 9.08151871e-07  8.39619498e+160 
 9.08918672e-07  7.01885947e+160 
 9.09669712e-07 -2.45026067e+160 
 9.10474813e-07 -1.87081818e+161 
 9.11326538e-07 -2.91101830e+161 
 9.12098210e-07 -1.64404769e+161 
 9.12872983e-07  2.46421705e+161 
 9.13615741e-07  7.55083039e+161 
 9.14437470e-07  9.61536875e+161 
 9.15184866e-07  3.54414572e+161 
 9.15898688e-07 -1.05043759e+162 
 9.16671732e-07 -2.78155495e+162 
 9.17419111e-07 -3.22591717e+162 
 9.18187560e-07 -8.32787529e+161 
 9.18927366e-07  4.33515900e+162 
 9.19695111e-07  9.95096064e+162 
 9.20427134e-07  1.06351214e+163 
 9.21187424e-07  1.52067540e+162 
 9.21961708e-07 -1.74812603e+163 
 9.22715963e-07 -3.52198010e+163 
 9.23468961e-07 -3.38627265e+163 
 9.24214449e-07  1.37719918e+162 
 9.25057045e-07  7.33243187e+163 
 9.25878179e-07  1.25684895e+164 
 9.26624600e-07  9.17792601e+163 
 9.27400258e-07 -6.73300730e+163 
 9.28150427e-07 -2.93342002e+164 
 9.28917053e-07 -4.30173945e+164 
 9.29674529e-07 -2.56418282e+164 
 9.30436914e-07  3.28625184e+164 
 9.31178616e-07  1.08508308e+165 
 9.32008240e-07  1.43272154e+165 
 9.32761465e-07  5.77766573e+164 
 9.33481198e-07 -1.48632068e+165 
 9.34251847e-07 -4.05766058e+165 
 9.35009326e-07 -4.78660422e+165 
 9.35776625e-07 -1.33605792e+165 
 9.36504197e-07  6.11893478e+165 
 9.37277132e-07  1.45607401e+166 
 9.38005413e-07  1.58966721e+166 
 9.38768200e-07  2.85362894e+165 
 9.39532684e-07 -2.46494312e+166 
 9.40290518e-07 -5.15154611e+166 
 9.41037677e-07 -5.12111854e+166 
 9.41785852e-07 -1.09168856e+165 
 9.42635145e-07  1.05277496e+167 
 9.43441421e-07  1.84927952e+167 
 9.44194490e-07  1.41514389e+167 
 9.44962006e-07 -8.39149408e+166 
 9.45730331e-07 -4.24702286e+167 
 9.46588045e-07 -6.29998366e+167 
 9.47369455e-07 -3.08493322e+167 
 9.48157656e-07  6.37579431e+167 
 9.48898724e-07  1.71907998e+168 
 9.49702499e-07  2.05230378e+168 
 9.50439588e-07  6.27505901e+167 
 9.51153451e-07 -2.49921394e+168 
 9.51925184e-07 -6.18813891e+168 
 9.52658926e-07 -6.93101909e+168 
 9.53423548e-07 -1.50251649e+168 
 9.54179198e-07  1.01147569e+169 
 9.54940016e-07  2.19685366e+169 
 9.55681833e-07  2.25606384e+169 
 9.56436554e-07  1.65292424e+168 
 9.57289829e-07 -4.41145407e+169 
 9.58082824e-07 -7.93149806e+169 
 9.58841761e-07 -6.33472395e+169 
 9.59601904e-07  2.99225910e+169 
 9.60387148e-07  1.79464476e+170 
 9.61242138e-07  2.72341554e+170 
 9.62025339e-07  1.41020246e+170 
 9.62798745e-07 -2.52922572e+170 
 9.63546643e-07 -7.27579404e+170 
 9.64352490e-07 -8.94027313e+170 
 9.65099115e-07 -2.96948705e+170 
 9.65809420e-07  1.03139440e+171 
 9.66584884e-07  2.64271967e+171 
 9.67322347e-07  3.00720322e+171 
 9.68091199e-07  7.03617806e+170 
 9.68843057e-07 -4.25654030e+171 
 9.69605983e-07 -9.42152293e+171 
 9.70345100e-07 -9.81398177e+171 
 9.71101263e-07 -9.67715379e+170 
 9.71957532e-07  1.87566973e+172 
 9.72743987e-07  3.40866235e+172 
 9.73506286e-07  2.77533049e+172 
 9.74262575e-07 -1.16380324e+172 
 9.75056154e-07 -7.66281685e+172 
 9.75909674e-07 -1.17506685e+173 
 9.76688016e-07 -6.31917945e+172 
 9.77461067e-07  1.04818398e+173 
 9.78207284e-07  3.10020400e+173 
 9.79019425e-07  3.86869870e+173 
 9.79766858e-07  1.34633431e+173 
 9.80478805e-07 -4.36004670e+173 
 9.81253257e-07 -1.13280863e+174 
 9.81995004e-07 -1.29945867e+174 
 9.82763639e-07 -3.17506489e+173 
 9.83511495e-07  1.80285770e+174 
 9.84275867e-07  4.04541336e+174 
 9.85012642e-07  4.25710685e+174 
 9.85770040e-07  4.96436498e+173 
 9.86628257e-07 -8.00034434e+174 
 9.87409907e-07 -1.46550083e+175 
 9.88174687e-07 -1.21017852e+175 
 9.88928125e-07  4.61470421e+174 
 9.89727899e-07  3.27893760e+175 
 9.90580398e-07  5.06734159e+175 
 9.91355172e-07  2.79866849e+175 
 9.92129104e-07 -4.39601281e+175 
 9.92873494e-07 -1.32487986e+176 
 9.93690748e-07 -1.67128177e+176 
 9.94438177e-07 -6.00140305e+175 
 9.95151119e-07  1.85240011e+176 
 9.95924819e-07  4.86191357e+176 
 9.96669586e-07  5.60999550e+176 
 9.97438121e-07  1.41247113e+176 
 9.98181646e-07 -7.65178370e+176 
 9.98947813e-07 -1.73789472e+177 
 9.99682045e-07 -1.84422790e+177 
 1.00044098e-06 -2.41445637e+176 
 1.00130034e-06  3.41649050e+177 
 1.00207802e-06  6.30099794e+177 
 1.00284478e-06  5.26590533e+177 
 1.00359587e-06 -1.84211983e+177 
 1.00440085e-06 -1.40410282e+178 
 1.00525259e-06 -2.18446405e+178 
 1.00602433e-06 -1.23309909e+178 
 1.00679909e-06  1.85021475e+178 
 1.00754188e-06  5.66726095e+178 
 1.00836351e-06  7.21524781e+178 
 1.00911091e-06  2.65793460e+178 
 1.00982471e-06 -7.88493208e+178 
 1.01059777e-06 -2.08750712e+179 
 1.01134509e-06 -2.42071385e+179 
 1.01211354e-06 -6.24572046e+178 
 1.01285343e-06  3.25418114e+179 
 1.01362114e-06  7.46787576e+179 
 1.01435321e-06  7.98004419e+179 
 1.01511347e-06  1.13888117e+179 
 1.01597378e-06 -1.46070777e+180 
 1.01674814e-06 -2.70931280e+180 
 1.01751657e-06 -2.28682654e+180 
 1.01826569e-06  7.41062189e+179 
 1.01907505e-06  6.01731210e+180 
 1.01992617e-06  9.41389964e+180 
 1.02069540e-06  5.40868941e+180 
 1.02147086e-06 -7.81378044e+180 
 1.02221231e-06 -2.42643053e+181 
 1.02303760e-06 -3.11314161e+181 
 1.02378496e-06 -1.17065788e+181 
 1.02449949e-06  3.36228620e+181 
 1.02527201e-06  8.96617159e+181 
 1.02602146e-06  1.04404453e+182 
 1.02678984e-06  2.74737480e+181 
 1.02752673e-06 -1.38660738e+182 
 1.02829573e-06 -3.20976990e+182 
 1.02902601e-06 -3.44941785e+182 
 1.02978739e-06 -5.25373188e+181 
 1.03055902e-06  5.58510813e+182 
 1.03131436e-06  1.13581254e+183 
 1.03206575e-06  1.10155275e+183 
 1.03281202e-06 -2.70656939e+181 
 1.03365623e-06 -2.35340422e+183 
 1.03447355e-06 -4.05963651e+183 
 1.03522160e-06 -3.00123784e+183 
 1.03599521e-06  2.08875077e+183 
 1.03675001e-06  9.43472345e+183 
 1.03752041e-06  1.39067081e+184 
 1.03827702e-06  8.33928633e+183 
 1.03904043e-06 -1.05605746e+184 
 1.03978132e-06 -3.50016182e+184 
 1.04061255e-06 -4.63255729e+184 
 1.04136539e-06 -1.87894236e+184 
 1.04208523e-06  4.78756738e+184 
 1.04285570e-06  1.31024662e+185 
 1.04361383e-06  1.54781374e+185 
 1.04438114e-06  4.34650816e+184 
 1.04510772e-06 -1.97031923e+185 
 1.04588112e-06 -4.70287685e+185 
 1.04660948e-06 -5.14208163e+185 
 1.04737226e-06 -9.36424569e+184 
 1.04813612e-06  7.94097805e+185 
 1.04889414e-06  1.66391461e+186 
 1.04964093e-06  1.65790938e+186 
 1.05038925e-06  4.24571541e+184 
 1.05123907e-06 -3.39597201e+186 
 1.05204429e-06 -5.97540931e+186 
 1.05279787e-06 -4.58716985e+186 
 1.05356479e-06  2.67742690e+186 
 1.05433441e-06  1.37081169e+187 
 1.05519186e-06  2.03681396e+187 
 1.05597432e-06  9.99306299e+186 
 1.05676189e-06 -2.05448189e+187 
 1.05750348e-06 -5.55350882e+187 
 1.05830716e-06 -6.63615011e+187 
 1.05904473e-06 -2.03380793e+187 
 1.05975815e-06  8.06321499e+187 
 1.06053022e-06  1.99953286e+188 
 1.06126391e-06  2.24094371e+188 
 1.06202888e-06  4.86990611e+187 
 1.06278438e-06 -3.26670308e+188 
 1.06354533e-06 -7.09968007e+188 
 1.06428702e-06 -7.29426662e+188 
 1.06504183e-06 -5.39876572e+187 
 1.06589516e-06  1.42526560e+189 
 1.06668796e-06  2.56341135e+189 
 1.06744699e-06  2.04861467e+189 
 1.06820702e-06 -9.64180466e+188 
 1.06899252e-06 -5.79893526e+189 
 1.06984747e-06 -8.80298207e+189 
 1.07063051e-06 -4.56387180e+189 
 1.07140360e-06  8.15940677e+189 
 1.07215160e-06  2.35064588e+190 
 1.07295752e-06  2.89034513e+190 
 1.07370434e-06  9.61859392e+189 
 1.07441476e-06 -3.33144299e+190 
 1.07519020e-06 -8.54027026e+190 
 1.07592783e-06 -9.72078617e+190 
 1.07669666e-06 -2.27790576e+190 
 1.07744846e-06  1.37516850e+191 
 1.07821139e-06  3.04491242e+191 
 1.07895047e-06  3.17267519e+191 
 1.07970665e-06  3.14561289e+190 
 1.08056300e-06 -6.06089559e+191 
 1.08134931e-06 -1.10168594e+192 
 1.08211169e-06 -8.97336121e+191 
 1.08286789e-06  3.75341225e+191 
 1.08366165e-06  2.47632473e+192 
 1.08451513e-06  3.79815155e+192 
 1.08529338e-06  2.04405637e+192 
 1.08606645e-06 -3.38545698e+192 
 1.08681262e-06 -1.00182721e+193 
 1.08762490e-06 -1.25053538e+193 
 1.08837233e-06 -4.35577218e+192 
 1.08908431e-06  1.40871725e+193 
 1.08985874e-06  3.66108261e+193 
 1.09060057e-06  4.20034759e+193 
 1.09136920e-06  1.02716299e+193 
 1.09211694e-06 -5.82481637e+193 
 1.09288136e-06 -1.30745581e+194 
 1.09361807e-06 -1.37619335e+194 
 1.09437550e-06 -1.61029647e+193 
 1.09523375e-06  2.58524596e+194 
 1.09601529e-06  4.73653398e+194 
 1.09678013e-06  3.91262360e+194 
 1.09753350e-06 -1.48853969e+194 
 1.09833342e-06 -1.05964133e+195 
 1.09918590e-06 -1.63789434e+195 
 1.09996059e-06 -9.05155551e+194 
 1.10073454e-06  1.41997084e+195 
 1.10147889e-06  4.28143742e+195 
 1.10229626e-06  5.40223040e+195 
 1.10304369e-06  1.94127925e+195 
 1.10375666e-06 -5.98533730e+195 
 1.10453034e-06 -1.57132001e+196 
 1.10527518e-06 -1.81334166e+196 
 1.10604371e-06 -4.56872852e+195 
 1.10678713e-06  2.47232748e+196 
 1.10755334e-06  5.61682060e+196 
 1.10828751e-06  5.96164205e+196 
 1.10904648e-06  7.82463646e+195 
 1.10990588e-06 -1.10404484e+197 
 1.11068346e-06 -2.03650012e+197 
 1.11145026e-06 -1.70242690e+197 
 1.11220130e-06  5.94311611e+196 
 1.11300640e-06  4.53767625e+197 
 1.11385813e-06  7.06068538e+197 
 1.11462980e-06  3.98764360e+197 
 1.11540457e-06 -5.97696735e+197 
 1.11614733e-06 -1.83145664e+198 
 1.11696906e-06 -2.33221116e+198 
 1.11771646e-06 -8.59633823e+197 
 1.11843028e-06  2.54784017e+198 
 1.11920332e-06  6.74667157e+198 
 1.11995070e-06  7.82447373e+198 
 1.12071915e-06  2.01992916e+198 
 1.12145895e-06 -1.05149438e+199 
 1.12222670e-06 -2.41360909e+199 
 1.12295872e-06 -2.57955254e+199 
 1.12371901e-06 -3.68840368e+198 
 1.12449330e-06  4.24008599e+199 
 1.12524755e-06  8.54257545e+199 
 1.12600055e-06  8.21341655e+199 
 1.12674604e-06 -3.34040158e+198 
 1.12758863e-06 -1.77848400e+200 
 1.12840977e-06 -3.04849166e+200 
 1.12915619e-06 -2.22610927e+200 
 1.12993185e-06  1.63309335e+200 
 1.13068202e-06  7.11502086e+200 
 1.13144864e-06  1.04338846e+201 
 1.13220612e-06  6.21943469e+200 
 1.13296850e-06 -7.97081571e+200 
 1.13371020e-06 -2.63187293e+201 
 1.13453983e-06 -3.47507128e+201 
 1.13529305e-06 -1.40137491e+201 
 1.13601279e-06  3.60507618e+201 
 1.13678344e-06  9.84187039e+201 
 1.13754091e-06  1.16099258e+202 
 1.13830821e-06  3.24061332e+201 
 1.13903579e-06 -1.48414984e+202 
 1.13980872e-06 -3.53171277e+202 
 1.14053700e-06 -3.85574355e+202 
 1.14129979e-06 -6.92148729e+201 
 1.14206427e-06  5.97872843e+202 
 1.14282211e-06  1.24950937e+203 
 1.14356927e-06  1.24212915e+203 
 1.14431744e-06  2.64789453e+201 
 1.14516673e-06 -2.55350946e+203 
 1.14597301e-06 -4.48543415e+203 
 1.14672608e-06 -3.43243661e+203 
 1.14749359e-06  2.03535992e+203 
 1.14826192e-06  1.03011693e+204 
 1.14911963e-06  1.52806331e+204 
 1.14990104e-06  7.48251666e+203 
 1.15068924e-06 -1.54645121e+204 
 1.15143031e-06 -4.16963470e+204 
 1.15223409e-06 -4.97787022e+204 
 1.15297118e-06 -1.52201783e+204 
 1.15368504e-06  6.06185244e+204 
 1.15445677e-06  1.50093533e+205 
 1.15519051e-06  1.68112118e+205 
 1.15595514e-06  3.64435918e+204 
 1.15671079e-06 -2.45333793e+205 
 1.15747161e-06 -5.32847649e+205 
 1.15821342e-06 -5.47209098e+205 
 1.15896814e-06 -4.00917372e+204 
 1.15982142e-06  1.06999978e+206 
 1.16061441e-06  1.92378772e+206 
 1.16137335e-06  1.53648958e+206 
 1.16213349e-06 -7.25773525e+205 
 1.16291874e-06 -4.35291734e+206 
 1.16377373e-06 -6.60565423e+206 
 1.16455693e-06 -3.42045117e+206 
 1.16533033e-06  6.13464612e+206 
 1.16607823e-06  1.76474647e+207 
 1.16688408e-06  2.16846647e+207 
 1.16763070e-06  7.20250155e+206 
 1.16834101e-06 -2.50165083e+207 
 1.16911647e-06 -6.40992610e+207 
 1.16985394e-06 -7.29398227e+207 
 1.17062279e-06 -1.70662753e+207 
 1.17137465e-06  1.03242539e+208 
 1.17213757e-06  2.28519379e+208 
 1.17287669e-06  2.38038482e+208 
 1.17363285e-06  2.34719715e+207 
 1.17448912e-06 -4.54944371e+208 
 1.17527558e-06 -8.26772284e+208 
 1.17603788e-06 -6.73157413e+208 
 1.17679416e-06  2.82280897e+208 
 1.17758774e-06  1.85861899e+209 
 1.17844126e-06  2.85012889e+209 
 1.17921960e-06  1.53271926e+209 
 1.17999266e-06 -2.54237402e+209 
 1.18073887e-06 -7.51955599e+209 
 1.18155101e-06 -9.38354267e+209 
 1.18229845e-06 -3.26553873e+209 
 1.18301039e-06  1.05753090e+210 
 1.18378485e-06  2.74763143e+210 
 1.18452659e-06  3.15184168e+210 
 1.18529523e-06  7.70113136e+209 
 1.18604308e-06 -4.37283785e+210 
 1.18680746e-06 -9.81216471e+210 
 1.18754423e-06 -1.03256280e+211 
 1.18830163e-06 -1.20410852e+210 
 1.18915985e-06  1.94048641e+211 
 1.18994150e-06  3.55457756e+211 
 1.19070628e-06  2.93529237e+211 
 1.19145971e-06 -1.11929817e+211 
 1.19225949e-06 -7.95307497e+211 
 1.19311199e-06 -1.22908553e+212 
 1.19388676e-06 -6.78818053e+211 
 1.19466069e-06  1.06625449e+212 
 1.19540508e-06  3.21350088e+212 
 1.19622234e-06  4.05369996e+212 
 1.19696977e-06  1.45564248e+212 
 1.19768271e-06 -4.49300314e+212 
 1.19845641e-06 -1.17925889e+213 
 1.19920117e-06 -1.36070643e+213 
 1.19996971e-06 -3.42595383e+212 
 1.20071323e-06  1.85594290e+213 
 1.20147940e-06  4.21526992e+213 
 1.20221363e-06  4.47318142e+213 
 1.20297257e-06  5.85627265e+212 
 1.20383193e-06 -8.28671005e+213 
 1.20460961e-06 -1.52830933e+214 
 1.20537636e-06 -1.27724724e+214 
 1.20612746e-06  4.46806830e+213 
 1.20693244e-06  3.40565645e+214 
 1.20778418e-06  5.29842543e+214 
 1.20855592e-06  2.99088630e+214 
 1.20933068e-06 -4.48770255e+214 
 1.21007347e-06 -1.37459619e+215 
 1.21089510e-06 -1.75006096e+215 
 1.21164250e-06 -6.44682997e+214 
 1.21235630e-06  1.91249312e+215 
 1.21312936e-06  5.06325606e+215 
 1.21387668e-06  5.87145018e+215 
 1.21464513e-06  1.51490175e+215 
 1.21538502e-06 -7.89302810e+215 
 1.21615273e-06 -1.81133596e+216 
 1.21688480e-06 -1.93556260e+216 
 1.21764506e-06 -2.76236039e+215 
 1.21850536e-06  3.54295197e+216 
 1.21927972e-06  6.57144797e+216 
 1.22004816e-06  5.54670603e+216 
 1.22079728e-06 -1.79744901e+216 
 1.22160663e-06 -1.45950122e+217 
 1.22245776e-06 -2.28334476e+217 
 1.22322699e-06 -1.31187957e+217 
 1.22400245e-06  1.89523527e+217 
 1.22474390e-06  5.88531600e+217 
 1.22556918e-06  7.55093621e+217 
 1.22631655e-06  2.83943492e+217 
 1.22703108e-06 -8.15523731e+217 
 1.22780360e-06 -2.17474816e+218 
 1.22855304e-06 -2.53233378e+218 
 1.22932142e-06 -6.66376750e+217 
 1.23005831e-06  3.36322120e+218 
 1.23082732e-06  7.78530848e+218 
 1.23155760e-06  8.36657545e+218 
 1.23231898e-06  1.27429456e+218 
 1.23309061e-06 -1.35466999e+219 
 1.23384594e-06 -2.75491740e+219 
 1.23459734e-06 -2.67182017e+219 
 1.23534361e-06  6.56479382e+217 
 1.23618782e-06  5.70819044e+219 
 1.23700514e-06  9.84666302e+219 
 1.23775319e-06  7.27951322e+219 
 1.23852680e-06 -5.06627253e+219 
 1.23928160e-06 -2.28839558e+220 
 1.24005200e-06 -3.37307708e+220 
 1.24080861e-06 -2.02269691e+220 
 1.24157202e-06  2.56147118e+220 
 1.24231291e-06  8.48965514e+220 
 1.24314414e-06  1.12362844e+221 
 1.24389698e-06  4.55738149e+220 
 1.24461682e-06 -1.16122620e+221 
 1.24538729e-06 -3.17800790e+221 
 1.24614542e-06 -3.75422780e+221 
 1.24691273e-06 -1.05424712e+221 
 1.24763931e-06  4.77901640e+221 
 1.24841271e-06  1.14068448e+222 
 1.24914107e-06  1.24721376e+222 
 1.24990385e-06  2.27130117e+221 
 1.25066771e-06 -1.92608709e+222 
 1.25142573e-06 -4.03583090e+222 
 1.25217252e-06 -4.02126519e+222 
 1.25292084e-06 -1.02979981e+221 
 1.25377065e-06  8.23694236e+222 
 1.25457588e-06  1.44933768e+223 
 1.25532945e-06  1.11261970e+223 
 1.25609638e-06 -6.49410860e+222 
 1.25686599e-06 -3.32490870e+223 
 1.25772345e-06 -4.94029962e+223 
 1.25850591e-06 -2.42382104e+223 
 1.25929348e-06  4.98315324e+223 
 1.26003507e-06  1.34700557e+224 
 1.26083875e-06  1.60960060e+224 
 1.26157632e-06  4.93300848e+223 
 1.26228973e-06 -1.95573571e+224 
 1.26306181e-06 -4.84987416e+224 
 1.26379550e-06 -5.43541706e+224 
 1.26456047e-06 -1.18119749e+224 
 1.26531597e-06  7.92340011e+224 
 1.26607692e-06  1.72202996e+225 
 1.26681861e-06  1.76922700e+225 
 1.26757342e-06  1.30947258e+224 
 1.26842675e-06 -3.45698686e+225 
 1.26921955e-06 -6.21756349e+225 
 1.26997858e-06 -4.96892227e+225 
 1.27073861e-06  2.33862320e+225 
 1.27152411e-06  1.40653384e+226 
 1.27237906e-06  2.13516648e+226 
 1.27316210e-06  1.10696875e+226 
 1.27393519e-06 -1.97906706e+226 
 1.27468319e-06 -5.70150007e+226 
 1.27548911e-06 -7.01054255e+226 
 1.27623593e-06 -2.33299343e+226 
 1.27694635e-06  8.08042700e+226 
 1.27772178e-06  2.07144563e+227 
 1.27845942e-06  2.35778019e+227 
 1.27922825e-06  5.52506865e+226 
 1.27998005e-06 -3.33547617e+227 
 1.28074298e-06 -7.38544605e+227 
 1.28148206e-06 -7.69533512e+227 
 1.28223823e-06 -7.62969542e+226 
 1.28309458e-06  1.47007241e+228 
 1.28388090e-06  2.67214322e+228 
 1.28464328e-06  2.17649200e+228 
 1.28539948e-06 -9.10391496e+227 
 1.28619324e-06 -6.00633456e+228 
 1.28704672e-06 -9.21243029e+228 
 1.28782497e-06 -4.95786610e+228 
 1.28859804e-06  8.21143812e+228 
 1.28934421e-06  2.42993551e+229 
 1.29015649e-06  3.03317808e+229 
 1.29090392e-06  1.05649411e+229 
 1.29161590e-06 -3.41684877e+229 
 1.29239033e-06 -8.87996910e+229 
 1.29313216e-06 -1.01879582e+230 
 1.29390079e-06 -2.49138754e+229 
 1.29464853e-06  1.41281131e+230 
 1.29541295e-06  3.17123879e+230 
 1.29614965e-06  3.33796194e+230 
 1.29690709e-06  3.90577991e+229 
 1.29776534e-06 -6.27052340e+230 
 1.29854688e-06 -1.14884803e+231 
 1.29931172e-06 -9.49008266e+230 
 1.30006509e-06  3.61045840e+230 
 1.30086501e-06  2.57016387e+231 
 1.30171749e-06  3.97271864e+231 
 1.30249218e-06  2.19545806e+231 
 1.30326613e-06 -3.44414440e+231 
 1.30401048e-06 -1.03846419e+232 
 1.30482785e-06 -1.31031293e+232 
 1.30557528e-06 -4.70857983e+231 
 1.30628824e-06  1.45174572e+232 
 1.30706193e-06  3.81124235e+232 
 1.30780676e-06  4.39826673e+232 
 1.30857530e-06  1.10814675e+232 
 1.30931872e-06 -5.99663924e+232 
 1.31008493e-06 -1.36236187e+233 
 1.31081910e-06 -1.44599843e+233 
 1.31157807e-06 -1.89786840e+232 
 1.31243746e-06  2.67786474e+233 
 1.31321505e-06  4.93953840e+233 
 1.31398185e-06  4.12924259e+233 
 1.31473289e-06 -1.44150496e+233 
 1.31553799e-06 -1.10061501e+234 
 1.31638972e-06 -1.71257179e+234 
 1.31716139e-06 -9.67204395e+233 
 1.31793616e-06  1.44971559e+234 
 1.31867892e-06  4.44220468e+234 
 1.31950065e-06  5.65678659e+234 
 1.32024804e-06  2.08504494e+234 
 1.32096187e-06 -6.17979553e+234 
 1.32173491e-06 -1.63640762e+235 
 1.32248229e-06 -1.89782893e+235 
 1.32325074e-06 -4.89934546e+234 
 1.32399054e-06  2.55040342e+235 
 1.32475829e-06  5.85421757e+235 
 1.32549031e-06  6.25671399e+235 
 1.32625060e-06  8.94623644e+234 
 1.32702489e-06 -1.02843439e+236 
 1.32777914e-06 -2.07200476e+236 
 1.32853214e-06 -1.99216715e+236 
 1.32927763e-06  8.10215609e+234 
 1.33012022e-06  4.31371936e+236 
 1.33094136e-06  7.39412753e+236 
 1.33168778e-06  5.39943606e+236 
 1.33246344e-06 -3.96107382e+236 
 1.33321360e-06 -1.72575088e+237 
 1.33398023e-06 -2.53074247e+237 
 1.33473771e-06 -1.50852613e+237 
 1.33550009e-06  1.93332423e+237 
 1.33624179e-06  6.38361730e+237 
 1.33707142e-06  8.42879792e+237 
 1.33782464e-06  3.39903990e+237 
 1.33854437e-06 -8.74412528e+237 
 1.33931502e-06 -2.38714922e+238 
 1.34007250e-06 -2.81599170e+238 
 1.34083980e-06 -7.86011930e+237 
 1.34156737e-06  3.59981079e+238 
 1.34234031e-06  8.56618208e+238 
 1.34306859e-06  9.35211989e+238 
 1.34383138e-06  1.67880924e+238 
 1.34459586e-06 -1.45014274e+239 
 1.34535370e-06 -3.03068948e+239 
 1.34610085e-06 -3.01278874e+239 
 1.34684903e-06 -6.42247775e+237 
 1.34769832e-06  6.19354641e+239 
 1.34850460e-06  1.08794367e+240 
 1.34925767e-06  8.32538738e+239 
 1.35002518e-06 -4.93677283e+239 
 1.35079351e-06 -2.49855233e+240 
 1.35165122e-06 -3.70632308e+240 
 1.35243263e-06 -1.81488712e+240 
 1.35322083e-06  3.75092300e+240 
 1.35396190e-06  1.01134640e+241 
 1.35476568e-06  1.20738422e+241 
 1.35550277e-06  3.69165974e+240 
 1.35621663e-06 -1.47030450e+241 
 1.35698836e-06 -3.64052405e+241 
 1.35772210e-06 -4.07756550e+241 
 1.35848673e-06 -8.83940634e+240 
 1.35924238e-06  5.95058002e+241 
 1.36000319e-06  1.29242390e+242 
 1.36074501e-06  1.32725764e+242 
 1.36149973e-06  9.72426532e+240 
 1.36235301e-06 -2.59528832e+242 
 1.36314600e-06 -4.66615406e+242 
 1.36390494e-06 -3.72676103e+242 
 1.36466508e-06  1.76036631e+242 
 1.36545033e-06  1.05580167e+243 
 1.36630531e-06  1.60220382e+243 
 1.36708852e-06  8.29631666e+242 
 1.36786192e-06 -1.48796063e+243 
 1.36860982e-06 -4.28039893e+243 
 1.36941567e-06 -5.25962326e+243 
 1.37016229e-06 -1.74696935e+243 
 1.37087260e-06  6.06776312e+243 
 1.37164806e-06  1.55472989e+244 
 1.37238552e-06  1.76915803e+244 
 1.37315438e-06  4.13943123e+243 
 1.37390623e-06 -2.50415150e+244 
 1.37466916e-06 -5.54274578e+244 
 1.37540828e-06 -5.77363198e+244 
 1.37616444e-06 -5.69313515e+243 
 1.37702071e-06  1.10346921e+245 
 1.37780716e-06  2.00533916e+245 
 1.37856946e-06  1.63274573e+245 
 1.37932575e-06 -6.84673335e+244 
 1.38011933e-06 -4.50808708e+245 
 1.38097285e-06 -6.91299791e+245 
 1.38175119e-06 -3.71761609e+245 
 1.38252424e-06  6.16653737e+245 
 1.38327046e-06  1.82387102e+246 
 1.38408260e-06  2.27598166e+246 
 1.38483004e-06  7.92057597e+245 
 1.38554198e-06 -2.56504502e+246 
 1.38631643e-06 -6.66438995e+246 
 1.38705818e-06 -7.64480338e+246 
 1.38782682e-06 -1.86791219e+246 
 1.38857467e-06  1.06063340e+247 
 1.38933904e-06  2.37994409e+247 
 1.39007582e-06  2.50448481e+247 
 1.39083322e-06  2.92056955e+246 
 1.39169143e-06 -4.70665679e+247 
 1.39247308e-06 -8.62164070e+247 
 1.39323786e-06 -7.11956224e+247 
 1.39399130e-06  2.71486176e+247 
 1.39479108e-06  1.92902121e+248 
 1.39564358e-06  2.98115139e+248 
 1.39641835e-06  1.64647564e+248 
 1.39719228e-06 -2.58620413e+248 
 1.39793667e-06 -7.79435799e+248 
 1.39875393e-06 -9.83226388e+248 
 1.39950135e-06 -3.53066608e+248 
 1.40021430e-06  1.08977953e+249 
 1.40098800e-06  2.86029670e+249 
 1.40173276e-06  3.30039837e+249 
 1.40250130e-06  8.30966338e+248 
 1.40324482e-06 -4.50159620e+249 
 1.40401099e-06 -1.02241524e+250 
 1.40474522e-06 -1.08497177e+250 
 1.40550415e-06 -1.42044104e+249 
 1.40636352e-06  2.00994451e+250 
 1.40714120e-06  3.70691979e+250 
 1.40790795e-06  3.09796779e+250 
 1.40865905e-06 -1.08373158e+250 
 1.40946403e-06 -8.26043201e+250 
 1.41031577e-06 -1.28513500e+251 
 1.41108751e-06 -7.25440551e+250 
 1.41186226e-06  1.08849387e+251 
 1.41260506e-06  3.33408802e+251 
 1.41342669e-06  4.24477918e+251 
 1.41417408e-06  1.56368094e+251 
 1.41488789e-06 -4.63875897e+251 
 1.41566094e-06 -1.22809459e+252 
 1.41640827e-06 -1.42412236e+252 
 1.41717672e-06 -3.67439967e+251 
 1.41791661e-06  1.91445681e+252 
 1.41868431e-06  4.39340191e+252 
 1.41941639e-06  4.69471407e+252 
 1.42017665e-06  6.70011509e+251 
 1.42103695e-06 -8.59344280e+252 
 1.42181131e-06 -1.59390708e+253 
 1.42257975e-06 -1.34535555e+253 
 1.42332886e-06  4.35971907e+252 
 1.42413822e-06  3.54002548e+253 
 1.42498935e-06  5.53826095e+253 
 1.42575857e-06  3.18196863e+253 
 1.42653404e-06 -4.59689998e+253 
 1.42727549e-06 -1.42748552e+254 
 1.42810077e-06 -1.83148230e+254 
 1.42884814e-06 -6.88705965e+253 
 1.42956267e-06  1.97805575e+254 
 1.43033519e-06  5.27485950e+254 
 1.43108463e-06  6.14218473e+254 
 1.43185301e-06  1.61629921e+254 
 1.43258990e-06 -8.15750515e+254 
 1.43335891e-06 -1.88832938e+255 
 1.43408918e-06 -2.02931590e+255 
 1.43485056e-06 -3.09080606e+254 
 1.43562220e-06  3.28575696e+255 
 1.43637753e-06  6.68206211e+255 
 1.43712893e-06  6.48050948e+255 
 1.43787520e-06 -1.59229311e+254 
 1.43871940e-06 -1.38452365e+256 
 1.43953673e-06 -2.38831167e+256 
 1.44028477e-06 -1.76564856e+256 
 1.44105839e-06  1.22882623e+256 
 1.44181319e-06  5.55051174e+256 
 1.44258359e-06  8.18141063e+256 
 1.44334020e-06  4.90605866e+256 
 1.44410360e-06 -6.21285760e+256 
 1.44484450e-06 -2.05916892e+257 
 1.44567572e-06 -2.72536485e+257 
 1.44642857e-06 -1.10539452e+257 
 1.44714841e-06  2.81655833e+257 
 1.44791887e-06  7.70826963e+257 
 1.44867701e-06  9.10589309e+257 
 1.44944432e-06  2.55708020e+257 
 1.45017090e-06 -1.15915215e+258 
 1.45094430e-06 -2.76673432e+258 
 1.45167266e-06 -3.02512147e+258 
 1.45243544e-06 -5.50904919e+257 
 1.45319930e-06  4.67173120e+258 
 1.45395731e-06  9.78892242e+258 
 1.45470411e-06  9.75359324e+258 
 1.45545243e-06  2.49778315e+257 
 1.45630224e-06 -1.99787334e+259 
 1.45710747e-06 -3.51537379e+259 
 1.45786104e-06 -2.69866311e+259 
 1.45862797e-06  1.57514839e+259 
 1.45939758e-06  8.06457806e+259 
 1.46025504e-06  1.19827146e+260 
 1.46103750e-06  5.87898667e+259 
 1.46182507e-06 -1.20866562e+260 
 1.46256666e-06 -3.26716687e+260 
 1.46337034e-06 -3.90409207e+260 
 1.46410791e-06 -1.19650299e+260 
 1.46482132e-06  4.74364402e+260 
 1.46559340e-06  1.17633873e+261 
 1.46632709e-06  1.31836237e+261 
 1.46709206e-06  2.86499876e+260 
 1.46784756e-06 -1.92182356e+261 
 1.46860851e-06 -4.17678989e+261 
 1.46935020e-06 -4.29126648e+261 
 1.47010501e-06 -3.17613046e+260 
 1.47095834e-06  8.38493410e+261 
 1.47175114e-06  1.50807227e+262 
 1.47251017e-06  1.20521389e+262 
 1.47327020e-06 -5.67233901e+261 
 1.47405569e-06 -3.41155291e+262 
 1.47491064e-06 -5.17885400e+262 
 1.47569369e-06 -2.68495671e+262 
 1.47646678e-06  4.80023429e+262 
 1.47721478e-06  1.38290090e+263 
 1.47802070e-06  1.70040963e+263 
 1.47876751e-06  5.65868398e+262 
 1.47947794e-06 -1.95991049e+263 
 1.48025337e-06 -5.02429886e+263 
 1.48099101e-06 -5.71880437e+263 
 1.48175984e-06 -1.34010739e+263 
 1.48251164e-06  8.09020948e+263 
 1.48327457e-06  1.79134261e+264 
 1.48401365e-06  1.86650631e+264 
 1.48476982e-06  1.85058538e+263 
 1.48562617e-06 -3.56566594e+264 
 1.48641249e-06 -6.48129303e+264 
 1.48717487e-06 -5.27908921e+264 
 1.48793107e-06  2.20815786e+264 
 1.48872482e-06  1.45683862e+265 
 1.48957831e-06  2.23447829e+265 
 1.49035656e-06  1.20253221e+265 
 1.49112963e-06 -1.99168728e+265 
 1.49187580e-06 -5.89381734e+265 
 1.49268808e-06 -7.35698438e+265 
 1.49343551e-06 -2.56253029e+265 
 1.49414749e-06  8.28757903e+265 
 1.49492192e-06  2.15383971e+266 
 1.49566375e-06  2.47109295e+266 
 1.49643238e-06  6.04286948e+265 
 1.49718012e-06 -3.42677894e+266 
 1.49794454e-06 -7.69185113e+266 
 1.49868124e-06 -8.09623873e+266 
 1.49943868e-06 -9.47348326e+265 
 1.50029693e-06  1.52091771e+267 
 1.50107847e-06  2.78653504e+267 
 1.50184331e-06  2.30182298e+267 
 1.50259668e-06 -8.75717988e+266 
 1.50339660e-06 -6.23394174e+267 
 1.50424907e-06 -9.63584340e+267 
 1.50502376e-06 -5.32509144e+267 
 1.50579772e-06  8.35378466e+267 
 1.50654206e-06  2.51879864e+268 
 1.50735944e-06  3.17816875e+268 
 1.50810687e-06  1.14206774e+268 
 1.50881983e-06 -3.52121449e+268 
 1.50959352e-06 -9.24418208e+268 
 1.51033835e-06 -1.06680118e+269 
 1.51110689e-06 -2.68781395e+268 
 1.51185031e-06  1.45448701e+269 
 1.51261652e-06  3.30441362e+269 
 1.51335069e-06  3.50727441e+269 
 1.51410966e-06  4.60328665e+268 
 1.51496905e-06 -6.49517059e+269 
 1.51574664e-06 -1.19808682e+270 
 1.51651344e-06 -1.00154928e+270 
 1.51726448e-06  3.49637548e+269 
 1.51806958e-06  2.66954569e+270 
 1.51892130e-06  4.15384906e+270 
 1.51969298e-06  2.34595775e+270 
 1.52046775e-06 -3.51629039e+270 
 1.52121051e-06 -1.07745835e+271 
 1.52203224e-06 -1.37205563e+271 
 1.52277963e-06 -5.05728403e+270 
 1.52349345e-06  1.49891164e+271 
 1.52426650e-06  3.96911260e+271 
 1.52501388e-06  4.60319092e+271 
 1.52578233e-06  1.18833801e+271 
 1.52652213e-06 -6.18601269e+271 
 1.52728988e-06 -1.41994259e+272 
 1.52802190e-06 -1.51756824e+272 
 1.52878219e-06 -2.16991288e+271 
 1.52955647e-06  2.49447132e+272 
 1.53031073e-06  5.02565502e+272 
 1.53106373e-06  4.83200861e+272 
 1.53180922e-06 -1.96518088e+271 
 1.53265181e-06 -1.04629419e+273 
 1.53347294e-06 -1.79344830e+273 
 1.53421937e-06 -1.30963517e+273 
 1.53499502e-06  9.60759884e+272 
 1.53574519e-06  4.18581498e+273 
 1.53651182e-06  6.13832499e+273 
 1.53726929e-06  3.65893557e+273 
 1.53803168e-06 -4.68928489e+273 
 1.53877338e-06 -1.54834868e+274 
 1.53960301e-06 -2.04440798e+274 
 1.54035623e-06 -8.24438354e+273 
 1.54107596e-06  2.12089074e+274 
 1.54184661e-06  5.79003904e+274 
 1.54260409e-06  6.83019803e+274 
 1.54337139e-06  1.90647477e+274 
 1.54409896e-06 -8.73135407e+274 
 1.54487190e-06 -2.07773056e+275 
 1.54560018e-06 -2.26836006e+275 
 1.54636297e-06 -4.07195788e+274 
 1.54712745e-06  3.51732645e+275 
 1.54788528e-06  7.35094829e+275 
 1.54863244e-06  7.30752996e+275 
 1.54938062e-06  1.55777430e+274 
 1.55022991e-06 -1.50224692e+276 
 1.55103619e-06 -2.63881131e+276 
 1.55178926e-06 -2.01932571e+276 
 1.55255677e-06  1.19741603e+276 
 1.55332510e-06  6.06024769e+276 
 1.55418281e-06  8.98970001e+276 
 1.55496422e-06  4.40201525e+276 
 1.55575242e-06 -9.09787727e+276 
 1.55649349e-06 -2.45302435e+277 
 1.55729727e-06 -2.92851478e+277 
 1.55803435e-06 -8.95413402e+276 
 1.55874822e-06  3.56622887e+277 
 1.55951995e-06  8.83010423e+277 
 1.56025369e-06  9.89014983e+277 
 1.56101831e-06  2.14400120e+277 
 1.56177396e-06 -1.44331533e+278 
 1.56253478e-06 -3.13477883e+278 
 1.56327660e-06 -3.21926820e+278 
 1.56403132e-06 -2.35862406e+277 
 1.56488459e-06  6.29488119e+278 
 1.56567759e-06  1.13177735e+279 
 1.56643653e-06  9.03927232e+278 
 1.56719667e-06 -4.26977483e+278 
 1.56798191e-06 -2.56085076e+279 
 1.56883690e-06 -3.88615114e+279 
 1.56962011e-06 -2.01227460e+279 
 1.57039351e-06  3.60905388e+279 
 1.57114141e-06  1.03821231e+280 
 1.57194726e-06  1.27572352e+280 
 1.57269388e-06  4.23728047e+279 
 1.57340419e-06 -1.47173814e+280 
 1.57417965e-06 -3.77100296e+280 
 1.57491711e-06 -4.29109919e+280 
 1.57568597e-06 -1.00402054e+280 
 1.57643782e-06  6.07382851e+280 
 1.57720075e-06  1.34439499e+281 
 1.57793987e-06  1.40039652e+281 
 1.57869603e-06  1.38087199e+280 
 1.57955230e-06 -2.67646856e+281 
 1.58033875e-06 -4.86395737e+281 
 1.58110105e-06 -3.96023067e+281 
 1.58185734e-06  1.66067765e+281 
 1.58265092e-06  1.09343815e+282 
 1.58350444e-06  1.67675014e+282 
 1.58428278e-06  9.01709125e+281 
 1.58505583e-06 -1.49569587e+282 
 1.58580205e-06 -4.42380574e+282 
 1.58661419e-06 -5.52040174e+282 
 1.58736162e-06 -1.92113856e+282 
 1.58807357e-06  6.22152594e+282 
 1.58884802e-06  1.61645019e+283 
 1.58958977e-06  1.85424982e+283 
 1.59035841e-06  4.53062776e+282 
 1.59110626e-06 -2.57257014e+283 
 1.59187063e-06 -5.77256299e+283 
 1.59260741e-06 -6.07463694e+283 
 1.59336481e-06 -7.08385200e+282 
 1.59422302e-06  1.14160130e+284 
 1.59500467e-06  2.09118206e+284 
 1.59576945e-06  1.72685239e+284 
 1.59652289e-06 -6.58490699e+283 
 1.59732266e-06 -4.67884790e+284 
 1.59817516e-06 -7.23079347e+284 
 1.59894994e-06 -3.99353260e+284 
 1.59972387e-06  6.27284744e+284 
 1.60046826e-06  1.89052434e+285 
 1.60128551e-06  2.38481915e+285 
 1.60203294e-06  8.56364333e+284 
 1.60274589e-06 -2.64326419e+285 
 1.60351959e-06 -6.93765996e+285 
 1.60426435e-06 -8.00512815e+285 
 1.60503289e-06 -2.01551185e+285 
 1.60577641e-06  1.09186378e+286 
 1.60654258e-06  2.47987186e+286 
 1.60727681e-06  2.63160294e+286 
 1.60803574e-06  3.44528488e+285 
 1.60889511e-06 -4.87512767e+286 
 1.60967279e-06 -8.99114732e+286 
 1.61043954e-06 -7.51413206e+286 
 1.61119064e-06  2.62859486e+286 
 1.61199562e-06  2.00357077e+287 
 1.61284736e-06  3.11709958e+287 
 1.61361910e-06  1.75955868e+287 
 1.61439385e-06 -2.64014582e+287 
 1.61513665e-06 -8.08684253e+287 
 1.61595828e-06 -1.02957272e+288 
 1.61670567e-06 -3.79271376e+287 
 1.61741947e-06  1.12513266e+288 
 1.61819253e-06  2.97874785e+288 
 1.61893985e-06  3.45421393e+288 
 1.61970830e-06  8.91226966e+287 
 1.62044819e-06 -4.64352191e+288 
 1.62121590e-06 -1.06562122e+289 
 1.62194798e-06 -1.13870459e+289 
 1.62270824e-06 -1.62511533e+288 
 1.62356854e-06  2.08434265e+289 
 1.62434290e-06  3.86602737e+289 
 1.62511134e-06  3.26316474e+289 
 1.62586045e-06 -1.05745143e+289 
 1.62666981e-06 -8.58634458e+289 
 1.62752093e-06 -1.34330719e+290 
 1.62829016e-06 -7.71787639e+289 
 1.62906563e-06  1.11497975e+290 
 1.62980708e-06  3.46237128e+290 
 1.63063236e-06  4.44226694e+290 
 1.63137972e-06  1.67045880e+290 
 1.63209426e-06 -4.79778137e+290 
 1.63286678e-06 -1.27941908e+291 
 1.63361622e-06 -1.48978912e+291 
 1.63438460e-06 -3.92033958e+290 
 1.63512149e-06  1.97860582e+291 
 1.63589050e-06  4.58014973e+291 
 1.63662077e-06  4.92211303e+291 
 1.63738215e-06  7.49676126e+290 
 1.63815379e-06 -7.96961536e+291 
 1.63890912e-06 -1.62073658e+292 
 1.63966051e-06 -1.57184991e+292 
 1.64040678e-06  3.86211269e+290 
 1.64125099e-06  3.35816711e+292 
 1.64206832e-06  5.79285858e+292 
 1.64281636e-06  4.28258695e+292 
 1.64358998e-06 -2.98052246e+292 
 1.64434477e-06 -1.34627863e+293 
 1.64511518e-06 -1.98440410e+293 
 1.64511518e-06 -1.98440410e+293 
