 0.00000000e+00  5.26272903e-03 
 1.00000000e-04  5.26272903e-03 
 2.00000000e-04  5.26272903e-03 
 4.00000000e-04  5.26272903e-03 
 8.00000000e-04  5.26272903e-03 
 1.60000000e-03  5.26272903e-03 
 3.20000000e-03  5.26272903e-03 
 6.40000000e-03  5.26272903e-03 
 1.28000000e-02  5.26272903e-03 
 2.28000000e-02  5.26272903e-03 
 3.28000000e-02  5.26272903e-03 
 4.28000000e-02  5.26272903e-03 
 5.28000000e-02  5.26272903e-03 
 6.28000000e-02  5.26272903e-03 
 7.28000000e-02  5.26272903e-03 
 8.28000000e-02  5.26272903e-03 
 9.28000000e-02  5.26272903e-03 
 1.02800000e-01  5.26272904e-03 
 1.12800000e-01  5.26272904e-03 
 1.22800000e-01  5.26272904e-03 
 1.32800000e-01  5.26272904e-03 
 1.42800000e-01  5.26272904e-03 
 1.52800000e-01  5.26272904e-03 
 1.62800000e-01  5.26272904e-03 
 1.72800000e-01  5.26272904e-03 
 1.82800000e-01  5.26272904e-03 
 1.92800000e-01  5.26272904e-03 
 2.02800000e-01  5.26272904e-03 
 2.12800000e-01  5.26272904e-03 
 2.22800000e-01  5.26272904e-03 
 2.32800000e-01  5.26272905e-03 
 2.42800000e-01  5.26272905e-03 
 2.52800000e-01  5.26272905e-03 
 2.62800000e-01  5.26272905e-03 
 2.72800000e-01  5.26272905e-03 
 2.82800000e-01  5.26272905e-03 
 2.92800000e-01  5.26272905e-03 
 3.02800000e-01  5.26272906e-03 
 3.12800000e-01  5.26272906e-03 
 3.22800000e-01  5.26272906e-03 
 3.32800000e-01  5.26272906e-03 
 3.42800000e-01  5.26272906e-03 
 3.52800000e-01  5.26272907e-03 
 3.62800000e-01  5.26272907e-03 
 3.72800000e-01  5.26272907e-03 
 3.82800000e-01  5.26272907e-03 
 3.92800000e-01  5.26272908e-03 
 4.02800000e-01  5.26272908e-03 
 4.12800000e-01  5.26272908e-03 
 4.22800000e-01  5.26272909e-03 
 4.32800000e-01  5.26272909e-03 
 4.42800000e-01  5.26272909e-03 
 4.52800000e-01  5.26272910e-03 
 4.62800000e-01  5.26272910e-03 
 4.72800000e-01  5.26272911e-03 
 4.82800000e-01  5.26272911e-03 
 4.92800000e-01  5.26272912e-03 
 5.02800000e-01  5.26272912e-03 
 5.12800000e-01  5.26272913e-03 
 5.22800000e-01  5.26272913e-03 
 5.32800000e-01  5.26272914e-03 
 5.42800000e-01  5.26272915e-03 
 5.52800000e-01  5.26272915e-03 
 5.62800000e-01  5.26272916e-03 
 5.72800000e-01  5.26272917e-03 
 5.82800000e-01  5.26272918e-03 
 5.92800000e-01  5.26272918e-03 
 6.02800000e-01  5.26272919e-03 
 6.12800000e-01  5.26272920e-03 
 6.22800000e-01  5.26272921e-03 
 6.32800000e-01  5.26272922e-03 
 6.42800000e-01  5.26272923e-03 
 6.52800000e-01  5.26272925e-03 
 6.62800000e-01  5.26272926e-03 
 6.72800000e-01  5.26272927e-03 
 6.82800000e-01  5.26272928e-03 
 6.92800000e-01  5.26272930e-03 
 7.02800000e-01  5.26272931e-03 
 7.12800000e-01  5.26272933e-03 
 7.22800000e-01  5.26272935e-03 
 7.32800000e-01  5.26272936e-03 
 7.42800000e-01  5.26272938e-03 
 7.52800000e-01  5.26272940e-03 
 7.62800000e-01  5.26272942e-03 
 7.72800000e-01  5.26272944e-03 
 7.82800000e-01  5.26272946e-03 
 7.92800000e-01  5.26272949e-03 
 8.02800000e-01  5.26272951e-03 
 8.12800000e-01  5.26272954e-03 
 8.22800000e-01  5.26272957e-03 
 8.32800000e-01  5.26272959e-03 
 8.42800000e-01  5.26272962e-03 
 8.52800000e-01  5.26272966e-03 
 8.62800000e-01  5.26272969e-03 
 8.72800000e-01  5.26272972e-03 
 8.82800000e-01  5.26272976e-03 
 8.92800000e-01  5.26272980e-03 
 9.02800000e-01  5.26272984e-03 
 9.12800000e-01  5.26272988e-03 
 9.22800000e-01  5.26272993e-03 
 9.32800000e-01  5.26272997e-03 
 9.42800000e-01  5.26273002e-03 
 9.52800000e-01  5.26273007e-03 
 9.62800000e-01  5.26273013e-03 
 9.72800000e-01  5.26273018e-03 
 9.82800000e-01  5.26273024e-03 
 9.92800000e-01  5.26273030e-03 
 1.00280000e+00  5.26273037e-03 
 1.01280000e+00  5.26273044e-03 
 1.02280000e+00  5.26273051e-03 
 1.03280000e+00  5.26273058e-03 
 1.04280000e+00  5.26273066e-03 
 1.05280000e+00  5.26273075e-03 
 1.06280000e+00  5.26273083e-03 
 1.07280000e+00  5.26273092e-03 
 1.08280000e+00  5.26273102e-03 
 1.09280000e+00  5.26273112e-03 
 1.10280000e+00  5.26273123e-03 
 1.11280000e+00  5.26273134e-03 
 1.12280000e+00  5.26273145e-03 
 1.13280000e+00  5.26273157e-03 
 1.14280000e+00  5.26273170e-03 
 1.15280000e+00  5.26273183e-03 
 1.16280000e+00  5.26273197e-03 
 1.17280000e+00  5.26273212e-03 
 1.18280000e+00  5.26273227e-03 
 1.19280000e+00  5.26273243e-03 
 1.20280000e+00  5.26273260e-03 
 1.21280000e+00  5.26273278e-03 
 1.22280000e+00  5.26273296e-03 
 1.23280000e+00  5.26273316e-03 
 1.24280000e+00  5.26273336e-03 
 1.25280000e+00  5.26273357e-03 
 1.26280000e+00  5.26273380e-03 
 1.27280000e+00  5.26273403e-03 
 1.28280000e+00  5.26273427e-03 
 1.29280000e+00  5.26273453e-03 
 1.30280000e+00  5.26273480e-03 
 1.31280000e+00  5.26273508e-03 
 1.32280000e+00  5.26273538e-03 
 1.33280000e+00  5.26273569e-03 
 1.34280000e+00  5.26273601e-03 
 1.35280000e+00  5.26273635e-03 
 1.36280000e+00  5.26273670e-03 
 1.37280000e+00  5.26273707e-03 
 1.38280000e+00  5.26273746e-03 
 1.39280000e+00  5.26273787e-03 
 1.40280000e+00  5.26273830e-03 
 1.41280000e+00  5.26273874e-03 
 1.42280000e+00  5.26273921e-03 
 1.43280000e+00  5.26273970e-03 
 1.44280000e+00  5.26274022e-03 
 1.45280000e+00  5.26274075e-03 
 1.46280000e+00  5.26274132e-03 
 1.47280000e+00  5.26274190e-03 
 1.48280000e+00  5.26274252e-03 
 1.49280000e+00  5.26274317e-03 
 1.50280000e+00  5.26274384e-03 
 1.51280000e+00  5.26274455e-03 
 1.52280000e+00  5.26274529e-03 
 1.53280000e+00  5.26274606e-03 
 1.54280000e+00  5.26274687e-03 
 1.55280000e+00  5.26274772e-03 
 1.56280000e+00  5.26274861e-03 
 1.57280000e+00  5.26274954e-03 
 1.58280000e+00  5.26275051e-03 
 1.59280000e+00  5.26275153e-03 
 1.60280000e+00  5.26275259e-03 
 1.61280000e+00  5.26275371e-03 
 1.62280000e+00  5.26275488e-03 
 1.63280000e+00  5.26275610e-03 
 1.64280000e+00  5.26275737e-03 
 1.65280000e+00  5.26275871e-03 
 1.66280000e+00  5.26276011e-03 
 1.67280000e+00  5.26276157e-03 
 1.68280000e+00  5.26276310e-03 
 1.69280000e+00  5.26276470e-03 
 1.70280000e+00  5.26276638e-03 
 1.71280000e+00  5.26276813e-03 
 1.72280000e+00  5.26276996e-03 
 1.73280000e+00  5.26277188e-03 
 1.74280000e+00  5.26277389e-03 
 1.75280000e+00  5.26277598e-03 
 1.76280000e+00  5.26277818e-03 
 1.77280000e+00  5.26278047e-03 
 1.78280000e+00  5.26278288e-03 
 1.79280000e+00  5.26278539e-03 
 1.80280000e+00  5.26278801e-03 
 1.81280000e+00  5.26279076e-03 
 1.82280000e+00  5.26279364e-03 
 1.83280000e+00  5.26279664e-03 
 1.84280000e+00  5.26279978e-03 
 1.85280000e+00  5.26280307e-03 
 1.86280000e+00  5.26280651e-03 
 1.87280000e+00  5.26281010e-03 
 1.88280000e+00  5.26281386e-03 
 1.89280000e+00  5.26281779e-03 
 1.90280000e+00  5.26282190e-03 
 1.91280000e+00  5.26282620e-03 
 1.92280000e+00  5.26283070e-03 
 1.93280000e+00  5.26283539e-03 
 1.94280000e+00  5.26284031e-03 
 1.95280000e+00  5.26284544e-03 
 1.96280000e+00  5.26285082e-03 
 1.97280000e+00  5.26285643e-03 
 1.98280000e+00  5.26286230e-03 
 1.99280000e+00  5.26286844e-03 
 2.00280000e+00  5.26287486e-03 
 2.01280000e+00  5.26288157e-03 
 2.02280000e+00  5.26288858e-03 
 2.03280000e+00  5.26289591e-03 
 2.04280000e+00  5.26290358e-03 
 2.05280000e+00  5.26291159e-03 
 2.06280000e+00  5.26291997e-03 
 2.07280000e+00  5.26292872e-03 
 2.08280000e+00  5.26293787e-03 
 2.09280000e+00  5.26294744e-03 
 2.10280000e+00  5.26295744e-03 
 2.11280000e+00  5.26296789e-03 
 2.12280000e+00  5.26297881e-03 
 2.13280000e+00  5.26299023e-03 
 2.14280000e+00  5.26300216e-03 
 2.15280000e+00  5.26301464e-03 
 2.16280000e+00  5.26302767e-03 
 2.17280000e+00  5.26304130e-03 
 2.18280000e+00  5.26305554e-03 
 2.19280000e+00  5.26307042e-03 
 2.20280000e+00  5.26308597e-03 
 2.21280000e+00  5.26310222e-03 
 2.22280000e+00  5.26311921e-03 
 2.23280000e+00  5.26313696e-03 
 2.24280000e+00  5.26315550e-03 
 2.25280000e+00  5.26317489e-03 
 2.26280000e+00  5.26319514e-03 
 2.27280000e+00  5.26321631e-03 
 2.28280000e+00  5.26323842e-03 
 2.29280000e+00  5.26326153e-03 
 2.30280000e+00  5.26328568e-03 
 2.31280000e+00  5.26331091e-03 
 2.32280000e+00  5.26333727e-03 
 2.33280000e+00  5.26336482e-03 
 2.34280000e+00  5.26339360e-03 
 2.35280000e+00  5.26342368e-03 
 2.36280000e+00  5.26345509e-03 
 2.37280000e+00  5.26348792e-03 
 2.38280000e+00  5.26352222e-03 
 2.39280000e+00  5.26355805e-03 
 2.40280000e+00  5.26359549e-03 
 2.41280000e+00  5.26363460e-03 
 2.42280000e+00  5.26367546e-03 
 2.43280000e+00  5.26371815e-03 
 2.44280000e+00  5.26376274e-03 
 2.45280000e+00  5.26380933e-03 
 2.46280000e+00  5.26385800e-03 
 2.47280000e+00  5.26390884e-03 
 2.48280000e+00  5.26396195e-03 
 2.49280000e+00  5.26401743e-03 
 2.50280000e+00  5.26407539e-03 
 2.51280000e+00  5.26413593e-03 
 2.52280000e+00  5.26419917e-03 
 2.53280000e+00  5.26426522e-03 
 2.54280000e+00  5.26433423e-03 
 2.55280000e+00  5.26440630e-03 
 2.56280000e+00  5.26448158e-03 
 2.57280000e+00  5.26456022e-03 
 2.58280000e+00  5.26464235e-03 
 2.59280000e+00  5.26472814e-03 
 2.60280000e+00  5.26481774e-03 
 2.61280000e+00  5.26491133e-03 
 2.62280000e+00  5.26500907e-03 
 2.63280000e+00  5.26511116e-03 
 2.64280000e+00  5.26521779e-03 
 2.65280000e+00  5.26532915e-03 
 2.66280000e+00  5.26544545e-03 
 2.67280000e+00  5.26556692e-03 
 2.68280000e+00  5.26569377e-03 
 2.69280000e+00  5.26582626e-03 
 2.70280000e+00  5.26596462e-03 
 2.71280000e+00  5.26610911e-03 
 2.72280000e+00  5.26626001e-03 
 2.73280000e+00  5.26641759e-03 
 2.74280000e+00  5.26658216e-03 
 2.75280000e+00  5.26675401e-03 
 2.76280000e+00  5.26693348e-03 
 2.77280000e+00  5.26712088e-03 
 2.78280000e+00  5.26731659e-03 
 2.79280000e+00  5.26752095e-03 
 2.80280000e+00  5.26773435e-03 
 2.81280000e+00  5.26795718e-03 
 2.82280000e+00  5.26818987e-03 
 2.83280000e+00  5.26843284e-03 
 2.84280000e+00  5.26868655e-03 
 2.85280000e+00  5.26895147e-03 
 2.86280000e+00  5.26922808e-03 
 2.87280000e+00  5.26951692e-03 
 2.88280000e+00  5.26981850e-03 
 2.89280000e+00  5.27013339e-03 
 2.90280000e+00  5.27046217e-03 
 2.91280000e+00  5.27080546e-03 
 2.92280000e+00  5.27116388e-03 
 2.93280000e+00  5.27153811e-03 
 2.94280000e+00  5.27192884e-03 
 2.95280000e+00  5.27233679e-03 
 2.96280000e+00  5.27276271e-03 
 2.97280000e+00  5.27320739e-03 
 2.98280000e+00  5.27367165e-03 
 2.99280000e+00  5.27415636e-03 
 3.00280000e+00  5.27466241e-03 
 3.01280000e+00  5.27519072e-03 
 3.02280000e+00  5.27574228e-03 
 3.03280000e+00  5.27631810e-03 
 3.04280000e+00  5.27691925e-03 
 3.05280000e+00  5.27754683e-03 
 3.06280000e+00  5.27820201e-03 
 3.07280000e+00  5.27888597e-03 
 3.08280000e+00  5.27959999e-03 
 3.09280000e+00  5.28034538e-03 
 3.10280000e+00  5.28112351e-03 
 3.11280000e+00  5.28193581e-03 
 3.12280000e+00  5.28278378e-03 
 3.13280000e+00  5.28366897e-03 
 3.14280000e+00  5.28459300e-03 
 3.15280000e+00  5.28555758e-03 
 3.16280000e+00  5.28656447e-03 
 3.17280000e+00  5.28761552e-03 
 3.18280000e+00  5.28871266e-03 
 3.19280000e+00  5.28985790e-03 
 3.20280000e+00  5.29105334e-03 
 3.21280000e+00  5.29230117e-03 
 3.22280000e+00  5.29360367e-03 
 3.23280000e+00  5.29496323e-03 
 3.24280000e+00  5.29638233e-03 
 3.25280000e+00  5.29786357e-03 
 3.26280000e+00  5.29940967e-03 
 3.27280000e+00  5.30102343e-03 
 3.28280000e+00  5.30270782e-03 
 3.29280000e+00  5.30446591e-03 
 3.30280000e+00  5.30630092e-03 
 3.31280000e+00  5.30821618e-03 
 3.32280000e+00  5.31021519e-03 
 3.33280000e+00  5.31230160e-03 
 3.34280000e+00  5.31447922e-03 
 3.35280000e+00  5.31675201e-03 
 3.36280000e+00  5.31912412e-03 
 3.37280000e+00  5.32159986e-03 
 3.38280000e+00  5.32418374e-03 
 3.39280000e+00  5.32688047e-03 
 3.40280000e+00  5.32969495e-03 
 3.41280000e+00  5.33263230e-03 
 3.42280000e+00  5.33569787e-03 
 3.43280000e+00  5.33889723e-03 
 3.44280000e+00  5.34223618e-03 
 3.45280000e+00  5.34572081e-03 
 3.46280000e+00  5.34935742e-03 
 3.47280000e+00  5.35315263e-03 
 3.48280000e+00  5.35711333e-03 
 3.49280000e+00  5.36124670e-03 
 3.50280000e+00  5.36556023e-03 
 3.51280000e+00  5.37006175e-03 
 3.52280000e+00  5.37475942e-03 
 3.53280000e+00  5.37966174e-03 
 3.54280000e+00  5.38477761e-03 
 3.55280000e+00  5.39011628e-03 
 3.56280000e+00  5.39568741e-03 
 3.57280000e+00  5.40150110e-03 
 3.58280000e+00  5.40756785e-03 
 3.59280000e+00  5.41389865e-03 
 3.60280000e+00  5.42050493e-03 
 3.61280000e+00  5.42739864e-03 
 3.62280000e+00  5.43459224e-03 
 3.63280000e+00  5.44209872e-03 
 3.64280000e+00  5.44993164e-03 
 3.65280000e+00  5.45810513e-03 
 3.66280000e+00  5.46663396e-03 
 3.67280000e+00  5.47553351e-03 
 3.68280000e+00  5.48481983e-03 
 3.69280000e+00  5.49450967e-03 
 3.70280000e+00  5.50462050e-03 
 3.71280000e+00  5.51517053e-03 
 3.72280000e+00  5.52617879e-03 
 3.73280000e+00  5.53766510e-03 
 3.74280000e+00  5.54965013e-03 
 3.75280000e+00  5.56215548e-03 
 3.76280000e+00  5.57520363e-03 
 3.77280000e+00  5.58881808e-03 
 3.78280000e+00  5.60302330e-03 
 3.79280000e+00  5.61784485e-03 
 3.80280000e+00  5.63330937e-03 
 3.81280000e+00  5.64944464e-03 
 3.82280000e+00  5.66627967e-03 
 3.83280000e+00  5.68384469e-03 
 3.84280000e+00  5.70217124e-03 
 3.85280000e+00  5.72129224e-03 
 3.86280000e+00  5.74124198e-03 
 3.87280000e+00  5.76205628e-03 
 3.88280000e+00  5.78377247e-03 
 3.89280000e+00  5.80642949e-03 
 3.90280000e+00  5.83006797e-03 
 3.91280000e+00  5.85473028e-03 
 3.92280000e+00  5.88046061e-03 
 3.93280000e+00  5.90730506e-03 
 3.94280000e+00  5.93531171e-03 
 3.95280000e+00  5.96453071e-03 
 3.96280000e+00  5.99501436e-03 
 3.97280000e+00  6.02681723e-03 
 3.98280000e+00  6.05999620e-03 
 3.99280000e+00  6.09461064e-03 
 4.00280000e+00  6.13072244e-03 
 4.01280000e+00  6.16839617e-03 
 4.02280000e+00  6.20769916e-03 
 4.03280000e+00  6.24870166e-03 
 4.04280000e+00  6.29147692e-03 
 4.05280000e+00  6.33610133e-03 
 4.06280000e+00  6.38265459e-03 
 4.07280000e+00  6.43121980e-03 
 4.08280000e+00  6.48188364e-03 
 4.09280000e+00  6.53473651e-03 
 4.10280000e+00  6.58987271e-03 
 4.11280000e+00  6.64739057e-03 
 4.12280000e+00  6.70739265e-03 
 4.13280000e+00  6.76998591e-03 
 4.14280000e+00  6.83528192e-03 
 4.15280000e+00  6.90339702e-03 
 4.16280000e+00  6.97445255e-03 
 4.17280000e+00  7.04857506e-03 
 4.18280000e+00  7.12589654e-03 
 4.19280000e+00  7.20655463e-03 
 4.20280000e+00  7.29069289e-03 
 4.21280000e+00  7.37846102e-03 
 4.22280000e+00  7.47001518e-03 
 4.23280000e+00  7.56551818e-03 
 4.24280000e+00  7.66513985e-03 
 4.25280000e+00  7.76905730e-03 
 4.26280000e+00  7.87745522e-03 
 4.27280000e+00  7.99052623e-03 
 4.28280000e+00  8.10847121e-03 
 4.29280000e+00  8.23149966e-03 
 4.30280000e+00  8.35983003e-03 
 4.31280000e+00  8.49369018e-03 
 4.32280000e+00  8.63331770e-03 
 4.33280000e+00  8.77896038e-03 
 4.34280000e+00  8.93087662e-03 
 4.35280000e+00  9.08933590e-03 
 4.36280000e+00  9.25461925e-03 
 4.37280000e+00  9.42701972e-03 
 4.38280000e+00  9.60684293e-03 
 4.39280000e+00  9.79440759e-03 
 4.40280000e+00  9.99004606e-03 
 4.41280000e+00  1.01941049e-02 
 4.42280000e+00  1.04069456e-02 
 4.43280000e+00  1.06289451e-02 
 4.44280000e+00  1.08604963e-02 
 4.45280000e+00  1.11020091e-02 
 4.46280000e+00  1.13539111e-02 
 4.47280000e+00  1.16166478e-02 
 4.48280000e+00  1.18906841e-02 
 4.49280000e+00  1.21765047e-02 
 4.50280000e+00  1.24746149e-02 
 4.51280000e+00  1.27855418e-02 
 4.52280000e+00  1.31098350e-02 
 4.53280000e+00  1.34480676e-02 
 4.54280000e+00  1.38008372e-02 
 4.55280000e+00  1.41687670e-02 
 4.56280000e+00  1.45525069e-02 
 4.57280000e+00  1.49527343e-02 
 4.58280000e+00  1.53701561e-02 
 4.59280000e+00  1.58055088e-02 
 4.60280000e+00  1.62595610e-02 
 4.61280000e+00  1.67331136e-02 
 4.62280000e+00  1.72270021e-02 
 4.63280000e+00  1.77420977e-02 
 4.64280000e+00  1.82793086e-02 
 4.65280000e+00  1.88395820e-02 
 4.66280000e+00  1.94239056e-02 
 4.67280000e+00  2.00333091e-02 
 4.68280000e+00  2.06688664e-02 
 4.69280000e+00  2.13316973e-02 
 4.70280000e+00  2.20229692e-02 
 4.71280000e+00  2.27438995e-02 
 4.72280000e+00  2.34957577e-02 
 4.73280000e+00  2.42798673e-02 
 4.74280000e+00  2.50976086e-02 
 4.75280000e+00  2.59504205e-02 
 4.76280000e+00  2.68398036e-02 
 4.77280000e+00  2.77673226e-02 
 4.78280000e+00  2.87346087e-02 
 4.79280000e+00  2.97433629e-02 
 4.80280000e+00  3.07953590e-02 
 4.81280000e+00  3.18924462e-02 
 4.82280000e+00  3.30365528e-02 
 4.83280000e+00  3.42296893e-02 
 4.84280000e+00  3.54739520e-02 
 4.85280000e+00  3.67715268e-02 
 4.86280000e+00  3.81246925e-02 
 4.87280000e+00  3.95358256e-02 
 4.88280000e+00  4.10074036e-02 
 4.89280000e+00  4.25420098e-02 
 4.90280000e+00  4.41423377e-02 
 4.91280000e+00  4.58111957e-02 
 4.92280000e+00  4.75515119e-02 
 4.93280000e+00  4.93663393e-02 
 4.94280000e+00  5.12588611e-02 
 4.95280000e+00  5.32323961e-02 
 4.96280000e+00  5.52904048e-02 
 4.97280000e+00  5.74364950e-02 
 4.98280000e+00  5.96744285e-02 
 4.99280000e+00  6.20081272e-02 
 5.00280000e+00  6.44416805e-02 
 5.01280000e+00  6.69793516e-02 
 5.02280000e+00  6.96255859e-02 
 5.03280000e+00  7.23850178e-02 
 5.04280000e+00  7.52624795e-02 
 5.05280000e+00  7.82630087e-02 
 5.06280000e+00  8.13918582e-02 
 5.07280000e+00  8.46545040e-02 
 5.08280000e+00  8.80566559e-02 
 5.09280000e+00  9.16042665e-02 
 5.10280000e+00  9.53035422e-02 
 5.11280000e+00  9.91609534e-02 
 5.12280000e+00  1.03183246e-01 
 5.13280000e+00  1.07377455e-01 
 5.14280000e+00  1.11750911e-01 
 5.15280000e+00  1.16311260e-01 
 5.16280000e+00  1.21066473e-01 
 5.17280000e+00  1.26024859e-01 
 5.18280000e+00  1.31195082e-01 
 5.19280000e+00  1.36586175e-01 
 5.20280000e+00  1.42207553e-01 
 5.21280000e+00  1.48069035e-01 
 5.22280000e+00  1.54180855e-01 
 5.23280000e+00  1.60553685e-01 
 5.24280000e+00  1.67198649e-01 
 5.25280000e+00  1.74127346e-01 
 5.26280000e+00  1.81351866e-01 
 5.27280000e+00  1.88884816e-01 
 5.28280000e+00  1.96739338e-01 
 5.29280000e+00  2.04929133e-01 
 5.30280000e+00  2.13468485e-01 
 5.31280000e+00  2.22372285e-01 
 5.32280000e+00  2.31656058e-01 
 5.33280000e+00  2.41335989e-01 
 5.34280000e+00  2.51428950e-01 
 5.35280000e+00  2.61952532e-01 
 5.36280000e+00  2.72925074e-01 
 5.37280000e+00  2.84365693e-01 
 5.38280000e+00  2.96294319e-01 
 5.39280000e+00  3.08731730e-01 
 5.40280000e+00  3.21699588e-01 
 5.41280000e+00  3.35220473e-01 
 5.42280000e+00  3.49317927e-01 
 5.43280000e+00  3.64016491e-01 
 5.44280000e+00  3.79341750e-01 
 5.45280000e+00  3.95320375e-01 
 5.46280000e+00  4.11980170e-01 
 5.47280000e+00  4.29350123e-01 
 5.48280000e+00  4.47460450e-01 
 5.49280000e+00  4.66342652e-01 
 5.50280000e+00  4.86029568e-01 
 5.51280000e+00  5.06555433e-01 
 5.52280000e+00  5.27955934e-01 
 5.53280000e+00  5.50268275e-01 
 5.54280000e+00  5.73531239e-01 
 5.55280000e+00  5.97785258e-01 
 5.56280000e+00  6.23072477e-01 
 5.57280000e+00  6.49436833e-01 
 5.58280000e+00  6.76924129e-01 
 5.59280000e+00  7.05582112e-01 
 5.60280000e+00  7.35460554e-01 
 5.61280000e+00  7.66611342e-01 
 5.62280000e+00  7.99088565e-01 
 5.63280000e+00  8.32948607e-01 
 5.64280000e+00  8.68250245e-01 
 5.65280000e+00  9.05054752e-01 
 5.66280000e+00  9.43425998e-01 
 5.67280000e+00  9.83430568e-01 
 5.68280000e+00  1.02513787e+00 
 5.69280000e+00  1.06862025e+00 
 5.70280000e+00  1.11395314e+00 
 5.71280000e+00  1.16121515e+00 
 5.72280000e+00  1.21048824e+00 
 5.73280000e+00  1.26185786e+00 
 5.74280000e+00  1.31541304e+00 
 5.75280000e+00  1.37124663e+00 
 5.76280000e+00  1.42945541e+00 
 5.77280000e+00  1.49014024e+00 
 5.78280000e+00  1.55340627e+00 
 5.79280000e+00  1.61936313e+00 
 5.80280000e+00  1.68812507e+00 
 5.81280000e+00  1.75981120e+00 
 5.82280000e+00  1.83454566e+00 
 5.83280000e+00  1.91245789e+00 
 5.84280000e+00  1.99368278e+00 
 5.85280000e+00  2.07836095e+00 
 5.86280000e+00  2.16663899e+00 
 5.87280000e+00  2.25866970e+00 
 5.88280000e+00  2.35461235e+00 
 5.89280000e+00  2.45463296e+00 
 5.90280000e+00  2.55890458e+00 
 5.91280000e+00  2.66760762e+00 
 5.92280000e+00  2.78093010e+00 
 5.93280000e+00  2.89906803e+00 
 5.94280000e+00  3.02222572e+00 
 5.95280000e+00  3.15061612e+00 
 5.96280000e+00  3.28446123e+00 
 5.97280000e+00  3.42399243e+00 
 5.98280000e+00  3.56945091e+00 
 5.99280000e+00  3.72108808e+00 
 6.00280000e+00  3.87916599e+00 
 6.01280000e+00  4.04395781e+00 
 6.02280000e+00  4.21574824e+00 
 6.03280000e+00  4.39483407e+00 
 6.04280000e+00  4.58152464e+00 
 6.05280000e+00  4.77614240e+00 
 6.06280000e+00  4.97902346e+00 
 6.07280000e+00  5.19051813e+00 
 6.08280000e+00  5.41099157e+00 
 6.09280000e+00  5.64082441e+00 
 6.10280000e+00  5.88041336e+00 
 6.11280000e+00  6.13017194e+00 
 6.12280000e+00  6.39053113e+00 
 6.13280000e+00  6.66194010e+00 
 6.14280000e+00  6.94486691e+00 
 6.15280000e+00  7.23979911e+00 
 6.16280000e+00  7.54724404e+00 
 6.17280000e+00  7.86772831e+00 
 6.18280000e+00  8.20179477e+00 
 6.19280000e+00  8.54999221e+00 
 6.20280000e+00  8.84124133e+00 
 6.21280000e+00  9.06545186e+00 
 6.22174743e+00  9.25981993e+00 
 6.23051080e+00  9.44425639e+00 
 6.24051080e+00  9.64604133e+00 
 6.25051080e+00  9.83610883e+00 
 6.26051080e+00  1.00098825e+01 
 6.27051080e+00  1.01610066e+01 
 6.28051080e+00  1.02801757e+01 
 6.29051080e+00  1.03619167e+01 
 6.30051080e+00  1.04140459e+01 
 6.31051080e+00  1.04508817e+01 
 6.32051080e+00  1.04809525e+01 
 6.33051080e+00  1.05074763e+01 
 6.34051080e+00  1.05315505e+01 
 6.35051080e+00  1.05536457e+01 
 6.36051080e+00  1.05739906e+01 
 6.37051080e+00  1.05927721e+01 
 6.38051080e+00  1.06101125e+01 
 6.39051080e+00  1.06261482e+01 
 6.40051080e+00  1.06409711e+01 
 6.41051080e+00  1.06546950e+01 
 6.42051080e+00  1.06673931e+01 
 6.43051080e+00  1.06791632e+01 
 6.44051080e+00  1.06900637e+01 
 6.45051080e+00  1.07001785e+01 
 6.46051080e+00  1.07095534e+01 
 6.47051080e+00  1.07182586e+01 
 6.48051080e+00  1.07263231e+01 
 6.49051080e+00  1.07337910e+01 
 6.50051080e+00  1.07406391e+01 
 6.51051080e+00  1.07467902e+01 
 6.52051080e+00  1.07519208e+01 
 6.53051080e+00  1.07552053e+01 
 6.54051080e+00  1.07542075e+01 
 6.55051080e+00  1.07423238e+01 
 6.56051080e+00  1.06791836e+01 
 6.57051080e+00  1.05264565e+01 
 6.58051080e+00  1.03405016e+01 
 6.59039479e+00  1.01246901e+01 
 6.60039479e+00  9.87140519e+00 
 6.61039479e+00  9.58065471e+00 
 6.62039479e+00  9.24967428e+00 
 6.63039479e+00  8.87578325e+00 
 6.64039479e+00  8.45591036e+00 
 6.65039479e+00  7.98704445e+00 
 6.66039479e+00  7.46576614e+00 
 6.67039479e+00  6.88869805e+00 
 6.68039479e+00  6.25205013e+00 
 6.68465054e+00  5.96234184e+00 
 6.68748033e+00  5.76327314e+00 
 6.68931075e+00  5.63189854e+00 
 6.69067466e+00  5.53262112e+00 
 6.69186030e+00  5.44552652e+00 
 6.69301672e+00  5.35980239e+00 
 6.69406734e+00  5.28145860e+00 
 6.69530598e+00  5.18849065e+00 
 6.69576964e+00  5.16117687e+00 
 6.69623337e+00  5.14556666e+00 
 6.69652068e+00  5.13598391e+00 
 6.69680673e+00  5.12647361e+00 
 6.69737883e+00  5.10746673e+00 
 6.69852302e+00  5.06950737e+00 
 6.70081141e+00  4.99377215e+00 
 6.70432578e+00  4.87785533e+00 
 6.70766389e+00  4.76806410e+00 
 6.71093551e+00  4.66074118e+00 
 6.71475710e+00  4.53572957e+00 
 6.72075303e+00  4.34033559e+00 
 6.73075303e+00  4.01647333e+00 
 6.74075303e+00  3.69509467e+00 
 6.75075303e+00  3.37617500e+00 
 6.76075303e+00  3.05967581e+00 
 6.77075303e+00  2.74557504e+00 
 6.78075303e+00  2.43383575e+00 
 6.79075303e+00  2.12443821e+00 
 6.80075303e+00  1.81734705e+00 
 6.81075303e+00  1.51254494e+00 
 6.82075303e+00  1.20999810e+00 
 6.83075303e+00  9.09691677e-01 
 6.84075303e+00  6.11593477e-01 
 6.85075303e+00  3.15691226e-01 
 6.86075303e+00  2.19543824e-02 
 6.87075303e+00 -2.69626614e-01 
 6.88075303e+00 -5.59080599e-01 
 6.89075303e+00 -8.46414233e-01 
 6.90075303e+00 -1.13165455e+00 
 6.91075303e+00 -1.41480508e+00 
 6.92075303e+00 -1.69589091e+00 
 6.93075303e+00 -1.97491213e+00 
 6.94075303e+00 -2.25189171e+00 
 6.95075303e+00 -2.52682588e+00 
 6.96075303e+00 -2.79973524e+00 
 6.97075303e+00 -3.07061165e+00 
 6.98075303e+00 -3.33947295e+00 
 6.99075303e+00 -3.60630598e+00 
 7.00075303e+00 -3.87112528e+00 
 7.01075303e+00 -4.13391180e+00 
 7.02075303e+00 -4.39467605e+00 
 7.03075303e+00 -4.65339184e+00 
 7.04075303e+00 -4.91006467e+00 
 7.05075303e+00 -5.16465954e+00 
 7.06075303e+00 -5.41717541e+00 
 7.07075303e+00 -5.66756615e+00 
 7.08075303e+00 -5.91582199e+00 
 7.09075303e+00 -6.16188222e+00 
 7.10075303e+00 -6.40572501e+00 
 7.11075303e+00 -6.64726999e+00 
 7.12075303e+00 -6.88647798e+00 
 7.13075303e+00 -7.12324099e+00 
 7.14075303e+00 -7.35749388e+00 
 7.15075303e+00 -7.58908803e+00 
 7.16075303e+00 -7.81791742e+00 
 7.17075303e+00 -8.04377036e+00 
 7.18075303e+00 -8.26647257e+00 
 7.19075303e+00 -8.48570740e+00 
 7.20075303e+00 -8.70117801e+00 
 7.21075303e+00 -8.91237765e+00 
 7.22075303e+00 -9.11876805e+00 
 7.23075303e+00 -9.31945874e+00 
 7.24075303e+00 -9.51337739e+00 
 7.25075303e+00 -9.69875017e+00 
 7.26075303e+00 -9.87316248e+00 
 7.27075303e+00 -1.00322550e+01 
 7.28075303e+00 -1.01706451e+01 
 7.29075303e+00 -1.02803514e+01 
 7.30075303e+00 -1.03574979e+01 
 7.31075303e+00 -1.04077660e+01 
 7.32075303e+00 -1.04436108e+01 
 7.33075303e+00 -1.04722071e+01 
 7.34075303e+00 -1.04975275e+01 
 7.35075303e+00 -1.05200885e+01 
 7.36075303e+00 -1.05411067e+01 
 7.37075303e+00 -1.05601332e+01 
 7.38075303e+00 -1.05780515e+01 
 7.39075303e+00 -1.05942847e+01 
 7.40075303e+00 -1.06096567e+01 
 7.41075303e+00 -1.06235584e+01 
 7.42075303e+00 -1.06367901e+01 
 7.43075303e+00 -1.06487255e+01 
 7.44075303e+00 -1.06601484e+01 
 7.45075303e+00 -1.06704201e+01 
 7.46075303e+00 -1.06803114e+01 
 7.47075303e+00 -1.06891735e+01 
 7.48075303e+00 -1.06977661e+01 
 7.49075303e+00 -1.07054323e+01 
 7.50075303e+00 -1.07129225e+01 
 7.51075303e+00 -1.07195731e+01 
 7.52075303e+00 -1.07261264e+01 
 7.53075303e+00 -1.07319135e+01 
 7.54075303e+00 -1.07376697e+01 
 7.55075303e+00 -1.07427219e+01 
 7.56075303e+00 -1.07477993e+01 
 7.57075303e+00 -1.07522252e+01 
 7.58075303e+00 -1.07567237e+01 
 7.59075303e+00 -1.07606152e+01 
 7.60075303e+00 -1.07646194e+01 
 7.61075303e+00 -1.07680544e+01 
 7.62075303e+00 -1.07716361e+01 
 7.63075303e+00 -1.07746804e+01 
 7.64075303e+00 -1.07779002e+01 
 7.65075303e+00 -1.07806099e+01 
 7.66075303e+00 -1.07835192e+01 
 7.67075303e+00 -1.07859415e+01 
 7.68075303e+00 -1.07885840e+01 
 7.69075303e+00 -1.07907592e+01 
 7.70075303e+00 -1.07931719e+01 
 7.71075303e+00 -1.07951340e+01 
 7.72075303e+00 -1.07973481e+01 
 7.73075303e+00 -1.07991250e+01 
 7.74075303e+00 -1.08011637e+01 
 7.75075303e+00 -1.08027674e+01 
 7.76075303e+00 -1.08046048e+01 
 7.77075303e+00 -1.08058821e+01 
 7.78075303e+00 -1.08069089e+01 
 7.79075303e+00 -1.08056743e+01 
 7.80075303e+00 -1.07987201e+01 
 7.81075303e+00 -1.07664069e+01 
 7.81861532e+00 -1.06590209e+01 
 7.82617187e+00 -1.05074327e+01 
 7.83617187e+00 -1.02818906e+01 
 7.84611191e+00 -1.00175980e+01 
 7.85611191e+00 -9.71748982e+00 
 7.86611191e+00 -9.37170526e+00 
 7.87611191e+00 -8.98597569e+00 
 7.88611191e+00 -8.54865889e+00 
 7.89611191e+00 -8.06513963e+00 
 7.90611191e+00 -7.52342679e+00 
 7.91611191e+00 -6.92852150e+00 
 7.92611191e+00 -6.26807881e+00 
 7.93174470e+00 -5.87139799e+00 
 7.93396802e+00 -5.70655449e+00 
 7.93586651e+00 -5.56719814e+00 
 7.93697008e+00 -5.48268584e+00 
 7.93806883e+00 -5.40101768e+00 
 7.93856854e+00 -5.36572552e+00 
 7.93889079e+00 -5.35467448e+00 
 7.93911118e+00 -5.34730607e+00 
 7.93932459e+00 -5.34013701e+00 
 7.93975143e+00 -5.32588014e+00 
 7.94060509e+00 -5.29742753e+00 
 7.94231243e+00 -5.24066061e+00 
 7.94509855e+00 -5.14827767e+00 
 7.94899327e+00 -5.01956097e+00 
 7.95292714e+00 -4.88998462e+00 
 7.95660367e+00 -4.76923848e+00 
 7.96196488e+00 -4.59376700e+00 
 7.97175756e+00 -4.27514386e+00 
 7.98175756e+00 -3.95224265e+00 
 7.99175756e+00 -3.63181965e+00 
 8.00175756e+00 -3.31382588e+00 
 8.01175756e+00 -2.99824911e+00 
 8.02175756e+00 -2.68504115e+00 
 8.03175756e+00 -2.37419257e+00 
 8.04175756e+00 -2.06565625e+00 
 8.05175756e+00 -1.75942562e+00 
 8.06175756e+00 -1.45545461e+00 
 8.07175756e+00 -1.15373966e+00 
 8.08175756e+00 -8.54235643e-01 
 8.09175756e+00 -5.56942163e-01 
 8.10175756e+00 -2.61815064e-01 
 8.11175756e+00  3.11427310e-02 
 8.12175756e+00  3.21974433e-01 
 8.13175756e+00  6.10673552e-01 
 8.14175756e+00  8.97282349e-01 
 8.15175756e+00  1.18179048e+00 
 8.16175756e+00  1.46423921e+00 
 8.17175756e+00  1.74461399e+00 
 8.18175756e+00  2.02295503e+00 
 8.19175756e+00  2.29924309e+00 
 8.20175756e+00  2.57351722e+00 
 8.21175756e+00  2.84575292e+00 
 8.22175756e+00  3.11598787e+00 
 8.23175756e+00  3.38419157e+00 
 8.24175756e+00  3.65040007e+00 
 8.25175756e+00  3.91457586e+00 
 8.26175756e+00  4.17675295e+00 
 8.27175756e+00  4.43688556e+00 
 8.28175756e+00  4.69500498e+00 
 8.29175756e+00  4.95105546e+00 
 8.30175756e+00  5.20506462e+00 
 8.31175756e+00  5.45696437e+00 
 8.32175756e+00  5.70677718e+00 
 8.33175756e+00  5.95441929e+00 
 8.34175756e+00  6.19990574e+00 
 8.35175756e+00  6.44313225e+00 
 8.36175756e+00  6.68410280e+00 
 8.37175756e+00  6.92268530e+00 
 8.38175756e+00  7.15886655e+00 
 8.39175756e+00  7.39247526e+00 
 8.40175756e+00  7.62347055e+00 
 8.41175756e+00  7.85162284e+00 
 8.42175756e+00  8.07684447e+00 
 8.43175756e+00  8.29881377e+00 
 8.44175756e+00  8.51735896e+00 
 8.45175756e+00  8.73200111e+00 
 8.46175756e+00  8.94240485e+00 
 8.47175756e+00  9.14779490e+00 
 8.48175756e+00  9.34748426e+00 
 8.49175756e+00  9.54006520e+00 
 8.50175756e+00  9.72399729e+00 
 8.51175756e+00  9.89632639e+00 
 8.52175756e+00  1.00529221e+01 
 8.53175756e+00  1.01874707e+01 
 8.54175756e+00  1.02929858e+01 
 8.55175756e+00  1.03653923e+01 
 8.56175756e+00  1.04134708e+01 
 8.57175756e+00  1.04474682e+01 
 8.58175756e+00  1.04760166e+01 
 8.59175756e+00  1.05003483e+01 
 8.60175756e+00  1.05232097e+01 
 8.61175756e+00  1.05433780e+01 
 8.62175756e+00  1.05627798e+01 
 8.63175756e+00  1.05798982e+01 
 8.64175756e+00  1.05965450e+01 
 8.65175756e+00  1.06111513e+01 
 8.66175756e+00  1.06254956e+01 
 8.67175756e+00  1.06379892e+01 
 8.68175756e+00  1.06503907e+01 
 8.69175756e+00  1.06610987e+01 
 8.70175756e+00  1.06718562e+01 
 8.71175756e+00  1.06810522e+01 
 8.72175756e+00  1.06904164e+01 
 8.73175756e+00  1.06983304e+01 
 8.74175756e+00  1.07065123e+01 
 8.75175756e+00  1.07133380e+01 
 8.76175756e+00  1.07205157e+01 
 8.77175756e+00  1.07264167e+01 
 8.78175756e+00  1.07327403e+01 
 8.79175756e+00  1.07378546e+01 
 8.80175756e+00  1.07434511e+01 
 8.81175756e+00  1.07478953e+01 
 8.82175756e+00  1.07528722e+01 
 8.83175756e+00  1.07567451e+01 
 8.84175756e+00  1.07611930e+01 
 8.85175756e+00  1.07645781e+01 
 8.86175756e+00  1.07685741e+01 
 8.87175756e+00  1.07715422e+01 
 8.88175756e+00  1.07751513e+01 
 8.89175756e+00  1.07777622e+01 
 8.90175756e+00  1.07810397e+01 
 8.91175756e+00  1.07833444e+01 
 8.92175756e+00  1.07863371e+01 
 8.93175756e+00  1.07883785e+01 
 8.94175756e+00  1.07911261e+01 
 8.95175756e+00  1.07929408e+01 
 8.96175756e+00  1.07954770e+01 
 8.97175756e+00  1.07970958e+01 
 8.98175756e+00  1.07994484e+01 
 8.99175756e+00  1.08008951e+01 
 9.00175756e+00  1.08030778e+01 
 9.01175756e+00  1.08043369e+01 
 9.02175756e+00  1.08062261e+01 
 9.03175756e+00  1.08068235e+01 
 9.04175756e+00  1.08066808e+01 
 9.05175756e+00  1.08005440e+01 
 9.06175756e+00  1.07776442e+01 
 9.06985750e+00  1.06819408e+01 
 9.07789459e+00  1.05316818e+01 
 9.08789459e+00  1.03023004e+01 
 9.09789459e+00  1.00473660e+01 
 9.10789459e+00  9.74373786e+00 
 9.11789459e+00  9.40932905e+00 
 9.12789459e+00  9.02066843e+00 
 9.13789459e+00  8.59534328e+00 
 9.14789459e+00  8.10956590e+00 
 9.15789459e+00  7.58050974e+00 
 9.16789459e+00  6.98407549e+00 
 9.17789459e+00  6.33706624e+00 
 9.18512626e+00  5.82065045e+00 
 9.18906012e+00  5.53432797e+00 
 9.19254950e+00  5.32449651e+00 
 9.19346363e+00  5.29403887e+00 
 9.19448335e+00  5.26014509e+00 
 9.19552659e+00  5.22551492e+00 
 9.19761308e+00  5.15635326e+00 
 9.20083933e+00  5.04967410e+00 
 9.20408051e+00  4.94279793e+00 
 9.20713067e+00  4.84247359e+00 
 9.21116858e+00  4.71002613e+00 
 9.21755149e+00  4.50150957e+00 
 9.22755149e+00  4.17689175e+00 
 9.23755149e+00  3.85476740e+00 
 9.24755149e+00  3.53510091e+00 
 9.25755149e+00  3.21786466e+00 
 9.26755149e+00  2.90302486e+00 
 9.27755149e+00  2.59055597e+00 
 9.28755149e+00  2.28042600e+00 
 9.29755149e+00  1.97261155e+00 
 9.30755149e+00  1.66708239e+00 
 9.31755149e+00  1.36381730e+00 
 9.32755149e+00  1.06278788e+00 
 9.33755149e+00  7.63975137e-01 
 9.34755149e+00  4.67352513e-01 
 9.35755149e+00  1.72903360e-01 
 9.36755149e+00 -1.19396963e-01 
 9.37755149e+00 -4.09562647e-01 
 9.38755149e+00 -6.97616317e-01 
 9.39755149e+00 -9.83569541e-01 
 9.40755149e+00 -1.26744279e+00 
 9.41755149e+00 -1.54924480e+00 
 9.42755149e+00 -1.82899371e+00 
 9.43755149e+00 -2.10669512e+00 
 9.44755149e+00 -2.38236460e+00 
 9.45755149e+00 -2.65600424e+00 
 9.46755149e+00 -2.92762669e+00 
 9.47755149e+00 -3.19723007e+00 
 9.48755149e+00 -3.46482363e+00 
 9.49755149e+00 -3.73040087e+00 
 9.50755149e+00 -3.99396703e+00 
 9.51755149e+00 -4.25551009e+00 
 9.52755149e+00 -4.51503042e+00 
 9.53755149e+00 -4.77250928e+00 
 9.54755149e+00 -5.02794094e+00 
 9.55755149e+00 -5.28129828e+00 
 9.56755149e+00 -5.53256771e+00 
 9.57755149e+00 -5.78171134e+00 
 9.58755149e+00 -6.02870514e+00 
 9.59755149e+00 -6.27349692e+00 
 9.60755149e+00 -6.51604832e+00 
 9.61755149e+00 -6.75628751e+00 
 9.62755149e+00 -6.99415561e+00 
 9.63755149e+00 -7.22955273e+00 
 9.64755149e+00 -7.46238936e+00 
 9.65755149e+00 -7.69252347e+00 
 9.66755149e+00 -7.91981740e+00 
 9.67755149e+00 -8.14406212e+00 
 9.68755149e+00 -8.36503941e+00 
 9.69755149e+00 -8.58242582e+00 
 9.70755149e+00 -8.79585734e+00 
 9.71755149e+00 -9.00479705e+00 
 9.72755149e+00 -9.20858968e+00 
 9.73755149e+00 -9.40625242e+00 
 9.74755149e+00 -9.59647256e+00 
 9.75755149e+00 -9.77720373e+00 
 9.76755149e+00 -9.94545426e+00 
 9.77755149e+00 -1.00960289e+01 
 9.78755149e+00 -1.02226780e+01 
 9.79755149e+00 -1.03179934e+01 
 9.80755149e+00 -1.03820136e+01 
 9.81755149e+00 -1.04245469e+01 
 9.82755149e+00 -1.04566316e+01 
 9.83755149e+00 -1.04834819e+01 
 9.84755149e+00 -1.05075465e+01 
 9.85755149e+00 -1.05293129e+01 
 9.86755149e+00 -1.05494790e+01 
 9.87755149e+00 -1.05679278e+01 
 9.88755149e+00 -1.05851408e+01 
 9.89755149e+00 -1.06009123e+01 
 9.90755149e+00 -1.06156788e+01 
 9.91755149e+00 -1.06292074e+01 
 9.92755149e+00 -1.06419138e+01 
 9.93755149e+00 -1.06535489e+01 
 9.94755149e+00 -1.06645133e+01 
 9.95755149e+00 -1.06745458e+01 
 9.96755149e+00 -1.06840347e+01 
 9.97755149e+00 -1.06927087e+01 
 9.98755149e+00 -1.07009463e+01 
 9.99755149e+00 -1.07084676e+01 
 1.00075515e+01 -1.07156427e+01 
 1.00175515e+01 -1.07221848e+01 
 1.00275515e+01 -1.07284567e+01 
 1.00375515e+01 -1.07341660e+01 
 1.00475515e+01 -1.07396693e+01 
 1.00575515e+01 -1.07446696e+01 
 1.00675515e+01 -1.07495182e+01 
 1.00775515e+01 -1.07539141e+01 
 1.00875515e+01 -1.07582042e+01 
 1.00975515e+01 -1.07620843e+01 
 1.01075515e+01 -1.07658974e+01 
 1.01175515e+01 -1.07693366e+01 
 1.01275515e+01 -1.07727418e+01 
 1.01375515e+01 -1.07758037e+01 
 1.01475515e+01 -1.07788594e+01 
 1.01575515e+01 -1.07815978e+01 
 1.01675515e+01 -1.07843535e+01 
 1.01775515e+01 -1.07868141e+01 
 1.01875515e+01 -1.07893120e+01 
 1.01975515e+01 -1.07915334e+01 
 1.02075515e+01 -1.07938091e+01 
 1.02175515e+01 -1.07958242e+01 
 1.02275515e+01 -1.07979076e+01 
 1.02375515e+01 -1.07997431e+01 
 1.02475515e+01 -1.08016556e+01 
 1.02575515e+01 -1.08033188e+01 
 1.02675515e+01 -1.08050208e+01 
 1.02775515e+01 -1.08063105e+01 
 1.02875515e+01 -1.08070334e+01 
 1.02975515e+01 -1.08052134e+01 
 1.03075515e+01 -1.07959316e+01 
 1.03175515e+01 -1.07508616e+01 
 1.03250780e+01 -1.06298882e+01 
 1.03320581e+01 -1.04878650e+01 
 1.03405144e+01 -1.02957650e+01 
 1.03505144e+01 -1.00330383e+01 
 1.03605144e+01 -9.73376776e+00 
 1.03705144e+01 -9.39129121e+00 
 1.03805144e+01 -9.00668585e+00 
 1.03905144e+01 -8.57297839e+00 
 1.04005144e+01 -8.09090430e+00 
 1.04105144e+01 -7.55313653e+00 
 1.04205144e+01 -6.96003284e+00 
 1.04305144e+01 -6.30390530e+00 
 1.04354833e+01 -5.95575615e+00 
 1.04376668e+01 -5.79647183e+00 
 1.04394460e+01 -5.66621555e+00 
 1.04404606e+01 -5.58987186e+00 
 1.04414683e+01 -5.51501318e+00 
 1.04425041e+01 -5.43639326e+00 
 1.04434537e+01 -5.36715805e+00 
 1.04438300e+01 -5.35416364e+00 
 1.04441746e+01 -5.34265428e+00 
 1.04445135e+01 -5.33130518e+00 
 1.04451912e+01 -5.30870150e+00 
 1.04465467e+01 -5.26359776e+00 
 1.04489017e+01 -5.18544075e+00 
 1.04528767e+01 -5.05393092e+00 
 1.04565380e+01 -4.93322608e+00 
 1.04601392e+01 -4.81482607e+00 
 1.04648129e+01 -4.66166252e+00 
 1.04728615e+01 -4.39917756e+00 
 1.04828615e+01 -4.07533610e+00 
 1.04928615e+01 -3.75396397e+00 
 1.05028615e+01 -3.43505486e+00 
 1.05128615e+01 -3.11855162e+00 
 1.05228615e+01 -2.80445145e+00 
 1.05328615e+01 -2.49269775e+00 
 1.05428615e+01 -2.18329092e+00 
 1.05528615e+01 -1.87617498e+00 
 1.05628615e+01 -1.57135370e+00 
 1.05728615e+01 -1.26877165e+00 
 1.05828615e+01 -9.68436113e-01 
 1.05928615e+01 -6.70292142e-01 
 1.06028615e+01 -3.74350742e-01 
 1.06128615e+01 -8.05573637e-02 
 1.06228615e+01  2.11073016e-01 
 1.06328615e+01  5.00594599e-01 
 1.06428615e+01  7.87988133e-01 
 1.06528615e+01  1.07330752e+00 
 1.06628615e+01  1.35652886e+00 
 1.06728615e+01  1.63770578e+00 
 1.06828615e+01  1.91680926e+00 
 1.06928615e+01  2.19389265e+00 
 1.07028615e+01  2.46892124e+00 
 1.07128615e+01  2.74194806e+00 
 1.07228615e+01  3.01293196e+00 
 1.07328615e+01  3.28192558e+00 
 1.07428615e+01  3.54888037e+00 
 1.07528615e+01  3.81384840e+00 
 1.07628615e+01  4.07677253e+00 
 1.07728615e+01  4.33770393e+00 
 1.07828615e+01  4.59657528e+00 
 1.07928615e+01  4.85343633e+00 
 1.08028615e+01  5.10820748e+00 
 1.08128615e+01  5.36093621e+00 
 1.08228615e+01  5.61152771e+00 
 1.08328615e+01  5.86002586e+00 
 1.08428615e+01  6.10631655e+00 
 1.08528615e+01  6.35043782e+00 
 1.08628615e+01  6.59225032e+00 
 1.08728615e+01  6.83178258e+00 
 1.08828615e+01  7.06886100e+00 
 1.08928615e+01  7.30349820e+00 
 1.09028615e+01  7.53547212e+00 
 1.09128615e+01  7.76476800e+00 
 1.09228615e+01  7.99109147e+00 
 1.09328615e+01  8.21437863e+00 
 1.09428615e+01  8.43421984e+00 
 1.09528615e+01  8.65045781e+00 
 1.09628615e+01  8.86248324e+00 
 1.09728615e+01  9.06994692e+00 
 1.09828615e+01  9.27185464e+00 
 1.09928615e+01  9.46742077e+00 
 1.10028615e+01  9.65480362e+00 
 1.10128615e+01  9.83210151e+00 
 1.10228615e+01  9.99535536e+00 
 1.10328615e+01  1.01392793e+01 
 1.10428615e+01  1.02563113e+01 
 1.10528615e+01  1.03415961e+01 
 1.10628615e+01  1.03969118e+01 
 1.10728615e+01  1.04358500e+01 
 1.10828615e+01  1.04652668e+01 
 1.10928615e+01  1.04917340e+01 
 1.11028615e+01  1.05143692e+01 
 1.11128615e+01  1.05362460e+01 
 1.11228615e+01  1.05552039e+01 
 1.11328615e+01  1.05738927e+01 
 1.11428615e+01  1.05899920e+01 
 1.11528615e+01  1.06060794e+01 
 1.11628615e+01  1.06198000e+01 
 1.11728615e+01  1.06337034e+01 
 1.11828615e+01  1.06454192e+01 
 1.11928615e+01  1.06574775e+01 
 1.12028615e+01  1.06674977e+01 
 1.12128615e+01  1.06779938e+01 
 1.12228615e+01  1.06865776e+01 
 1.12328615e+01  1.06957492e+01 
 1.12428615e+01  1.07031146e+01 
 1.12528615e+01  1.07111619e+01 
 1.12628615e+01  1.07174928e+01 
 1.12728615e+01  1.07245847e+01 
 1.12828615e+01  1.07300363e+01 
 1.12928615e+01  1.07363155e+01 
 1.13028615e+01  1.07410188e+01 
 1.13128615e+01  1.07466056e+01 
 1.13228615e+01  1.07506714e+01 
 1.13328615e+01  1.07556680e+01 
 1.13428615e+01  1.07591900e+01 
 1.13528615e+01  1.07636826e+01 
 1.13628615e+01  1.07667402e+01 
 1.13728615e+01  1.07708018e+01 
 1.13828615e+01  1.07734622e+01 
 1.13928615e+01  1.07771548e+01 
 1.14028615e+01  1.07794748e+01 
 1.14128615e+01  1.07828509e+01 
 1.14228615e+01  1.07848789e+01 
 1.14328615e+01  1.07879830e+01 
 1.14428615e+01  1.07897599e+01 
 1.14528615e+01  1.07926296e+01 
 1.14628615e+01  1.07941902e+01 
 1.14728615e+01  1.07968575e+01 
 1.14828615e+01  1.07982308e+01 
 1.14928615e+01  1.08007213e+01 
 1.15028615e+01  1.08019262e+01 
 1.15128615e+01  1.08042388e+01 
 1.15228615e+01  1.08052133e+01 
 1.15328615e+01  1.08070473e+01 
 1.15428615e+01  1.08066490e+01 
 1.15528615e+01  1.08044833e+01 
 1.15628615e+01  1.07896700e+01 
 1.15728615e+01  1.07201606e+01 
 1.15828615e+01  1.05244269e+01 
 1.15919088e+01  1.03304990e+01 
 1.16001105e+01  1.01152509e+01 
 1.16101105e+01  9.83495461e+00 
 1.16201105e+01  9.49933036e+00 
 1.16301105e+01  9.13553269e+00 
 1.16401105e+01  8.71062704e+00 
 1.16501105e+01  8.25142311e+00 
 1.16601105e+01  7.72462992e+00 
 1.16701105e+01  7.15671908e+00 
 1.16801105e+01  6.51395928e+00 
 1.16901105e+01  5.82274468e+00 
 1.16937653e+01  5.54509422e+00 
 1.16967319e+01  5.34904896e+00 
 1.16977082e+01  5.31630500e+00 
 1.16987422e+01  5.28191816e+00 
 1.16996797e+01  5.25077817e+00 
 1.17015548e+01  5.18858340e+00 
 1.17053049e+01  5.06449426e+00 
 1.17088085e+01  4.94893561e+00 
 1.17122821e+01  4.83467870e+00 
 1.17166320e+01  4.69205400e+00 
 1.17238683e+01  4.45582448e+00 
 1.17338683e+01  4.13156859e+00 
 1.17438683e+01  3.80977968e+00 
 1.17538683e+01  3.49046695e+00 
 1.17638683e+01  3.17355611e+00 
 1.17738683e+01  2.85906217e+00 
 1.17838683e+01  2.54691006e+00 
 1.17938683e+01  2.23711866e+00 
 1.18038683e+01  1.92961274e+00 
 1.18138683e+01  1.62441546e+00 
 1.18238683e+01  1.32145119e+00 
 1.18338683e+01  1.02074757e+00 
 1.18438683e+01  7.22228420e-01 
 1.18538683e+01  4.25926172e-01 
 1.18638683e+01  1.31763914e-01 
 1.18738683e+01 -1.60220785e-01 
 1.18838683e+01 -4.50105728e-01 
 1.18938683e+01 -7.37847801e-01 
 1.19038683e+01 -1.02352587e+00 
 1.19138683e+01 -1.30709077e+00 
 1.19238683e+01 -1.58862262e+00 
 1.19338683e+01 -1.86806556e+00 
 1.19438683e+01 -2.14550112e+00 
 1.19538683e+01 -2.42086605e+00 
 1.19638683e+01 -2.69424344e+00 
 1.19738683e+01 -2.96556167e+00 
 1.19838683e+01 -3.23490558e+00 
 1.19938683e+01 -3.50219397e+00 
 1.20038683e+01 -3.76751355e+00 
 1.20138683e+01 -4.03077208e+00 
 1.20238683e+01 -4.29205816e+00 
 1.20338683e+01 -4.55126657e+00 
 1.20438683e+01 -4.80848773e+00 
 1.20538683e+01 -5.06360090e+00 
 1.20638683e+01 -5.31669808e+00 
 1.20738683e+01 -5.56763955e+00 
 1.20838683e+01 -5.81651826e+00 
 1.20938683e+01 -6.06317081e+00 
 1.21038683e+01 -6.30768984e+00 
 1.21138683e+01 -6.54988152e+00 
 1.21238683e+01 -6.78983581e+00 
 1.21338683e+01 -7.02731844e+00 
 1.21438683e+01 -7.26241221e+00 
 1.21538683e+01 -7.49482691e+00 
 1.21638683e+01 -7.72462950e+00 
 1.21738683e+01 -7.95144851e+00 
 1.21838683e+01 -8.17531770e+00 
 1.21938683e+01 -8.39573981e+00 
 1.22038683e+01 -8.61267883e+00 
 1.22138683e+01 -8.82542637e+00 
 1.22238683e+01 -9.03379314e+00 
 1.22338683e+01 -9.23667744e+00 
 1.22438683e+01 -9.43352578e+00 
 1.22538683e+01 -9.62240006e+00 
 1.22638683e+01 -9.80179005e+00 
 1.22738683e+01 -9.96772024e+00 
 1.22838683e+01 -1.01156634e+01 
 1.22938683e+01 -1.02377706e+01 
 1.23038683e+01 -1.03291260e+01 
 1.23138683e+01 -1.03884967e+01 
 1.23238683e+01 -1.04301357e+01 
 1.23338683e+01 -1.04602088e+01 
 1.23438683e+01 -1.04876476e+01 
 1.23538683e+01 -1.05102752e+01 
 1.23638683e+01 -1.05328866e+01 
 1.23738683e+01 -1.05517176e+01 
 1.23838683e+01 -1.05710691e+01 
 1.23938683e+01 -1.05869903e+01 
 1.24038683e+01 -1.06036979e+01 
 1.24138683e+01 -1.06172039e+01 
 1.24238683e+01 -1.06316937e+01 
 1.24338683e+01 -1.06431654e+01 
 1.24438683e+01 -1.06557820e+01 
 1.24538683e+01 -1.06655336e+01 
 1.24638683e+01 -1.06765645e+01 
 1.24738683e+01 -1.06848591e+01 
 1.24838683e+01 -1.06945455e+01 
 1.24938683e+01 -1.07016047e+01 
 1.25038683e+01 -1.07101498e+01 
 1.25138683e+01 -1.07161601e+01 
 1.25238683e+01 -1.07237355e+01 
 1.25338683e+01 -1.07288543e+01 
 1.25438683e+01 -1.07356047e+01 
 1.25538683e+01 -1.07399652e+01 
 1.25638683e+01 -1.07460129e+01 
 1.25738683e+01 -1.07497273e+01 
 1.25838683e+01 -1.07551759e+01 
 1.25938683e+01 -1.07583395e+01 
 1.26038683e+01 -1.07632765e+01 
 1.26138683e+01 -1.07659696e+01 
 1.26238683e+01 -1.07704692e+01 
 1.26338683e+01 -1.07727601e+01 
 1.26438683e+01 -1.07768851e+01 
 1.26538683e+01 -1.07788315e+01 
 1.26638683e+01 -1.07826353e+01 
 1.26738683e+01 -1.07842862e+01 
 1.26838683e+01 -1.07878138e+01 
 1.26938683e+01 -1.07892107e+01 
 1.27038683e+01 -1.07924089e+01 
 1.27138683e+01 -1.07936599e+01 
 1.27238683e+01 -1.07967557e+01 
 1.27338683e+01 -1.07977506e+01 
 1.27438683e+01 -1.08005641e+01 
 1.27538683e+01 -1.08014568e+01 
 1.27638683e+01 -1.08041969e+01 
 1.27738683e+01 -1.08046956e+01 
 1.27838683e+01 -1.08070249e+01 
 1.27938683e+01 -1.08064190e+01 
 1.28038683e+01 -1.08052544e+01 
 1.28138683e+01 -1.07920401e+01 
 1.28238683e+01 -1.07393398e+01 
 1.28306083e+01 -1.06113021e+01 
 1.28361913e+01 -1.05113230e+01 
 1.28415425e+01 -1.03808659e+01 
 1.28461080e+01 -1.02850836e+01 
 1.28496744e+01 -1.01825830e+01 
 1.28523664e+01 -1.01241713e+01 
 1.28542520e+01 -1.00602947e+01 
 1.28553296e+01 -1.00428517e+01 
 1.28558928e+01 -1.00145924e+01 
 1.28561498e+01 -1.00196177e+01 
 1.28562581e+01 -1.00045818e+01 
 1.28563016e+01 -1.00145652e+01 
 1.28563186e+01 -1.00045307e+01 
 1.28563254e+01 -1.00107904e+01 
 1.28563282e+01 -1.00081444e+01 
 1.28563299e+01 -1.00083294e+01 
 1.28563316e+01 -1.00084174e+01 
 1.28563320e+01 -1.00083129e+01 
 1.28563322e+01 -1.00083744e+01 
 1.28563323e+01 -1.00083293e+01 
 1.28563323e+01 -1.00083596e+01 
 1.28563324e+01 -1.00083312e+01 
 1.28563326e+01 -1.00083491e+01 
 1.28563327e+01 -1.00083278e+01 
 1.28563329e+01 -1.00083383e+01 
 1.28563331e+01 -1.00083183e+01 
 1.28563334e+01 -1.00083225e+01 
 1.28563338e+01 -1.00082990e+01 
 1.28563344e+01 -1.00082944e+01 
 1.28563352e+01 -1.00082606e+01 
 1.28563363e+01 -1.00082397e+01 
 1.28563379e+01 -1.00081838e+01 
 1.28563401e+01 -1.00081307e+01 
 1.28563434e+01 -1.00080289e+01 
 1.28563484e+01 -1.00078958e+01 
 1.28563574e+01 -1.00076312e+01 
 1.28563751e+01 -1.00071373e+01 
 1.28564106e+01 -1.00061181e+01 
 1.28564817e+01 -1.00041091e+01 
 1.28566238e+01 -1.00000543e+01 
 1.28569079e+01 -9.99195227e+00 
 1.28574762e+01 -9.97562293e+00 
 1.28586127e+01 -9.94261640e+00 
 1.28608859e+01 -9.87504219e+00 
 1.28654321e+01 -9.73368402e+00 
 1.28745246e+01 -9.42498565e+00 
 1.28845246e+01 -9.04353016e+00 
 1.28945246e+01 -8.61520399e+00 
 1.29045246e+01 -8.13685950e+00 
 1.29145246e+01 -7.60508419e+00 
 1.29245246e+01 -7.01635718e+00 
 1.29345246e+01 -6.36689565e+00 
 1.29385877e+01 -6.08501867e+00 
 1.29413221e+01 -5.88931255e+00 
 1.29429940e+01 -5.76741225e+00 
 1.29442721e+01 -5.67305560e+00 
 1.29453845e+01 -5.59026934e+00 
 1.29464664e+01 -5.50912252e+00 
 1.29475462e+01 -5.42771977e+00 
 1.29482095e+01 -5.37755435e+00 
 1.29485416e+01 -5.36157296e+00 
 1.29490261e+01 -5.34529183e+00 
 1.29493738e+01 -5.33365484e+00 
 1.29498215e+01 -5.31872108e+00 
 1.29507169e+01 -5.28889616e+00 
 1.29525078e+01 -5.22937784e+00 
 1.29560895e+01 -5.11069151e+00 
 1.29622911e+01 -4.90609225e+00 
 1.29684307e+01 -4.70459516e+00 
 1.29763359e+01 -4.44654146e+00 
 1.29863359e+01 -4.12232745e+00 
 1.29963359e+01 -3.80060730e+00 
 1.30063359e+01 -3.48133577e+00 
 1.30163359e+01 -3.16449198e+00 
 1.30263359e+01 -2.85003765e+00 
 1.30363359e+01 -2.53795215e+00 
 1.30463359e+01 -2.22819884e+00 
 1.30563359e+01 -1.92075938e+00 
 1.30663359e+01 -1.61559870e+00 
 1.30763359e+01 -1.31270087e+00 
 1.30863359e+01 -1.01203238e+00 
 1.30963359e+01 -7.13579822e-01 
 1.31063359e+01 -4.17311264e-01 
 1.31163359e+01 -1.23215927e-01 
 1.31263359e+01  1.68736498e-01 
 1.31363359e+01  4.58554001e-01 
 1.31463359e+01  7.46265198e-01 
 1.31563359e+01  1.03187509e+00 
 1.31663359e+01  1.31541050e+00 
 1.31763359e+01  1.59687317e+00 
 1.31863359e+01  1.87628798e+00 
 1.31963359e+01  2.15365311e+00 
 1.32063359e+01  2.42899127e+00 
 1.32163359e+01  2.70229662e+00 
 1.32263359e+01  2.97358943e+00 
 1.32363359e+01  3.24285929e+00 
 1.32463359e+01  3.51012361e+00 
 1.32563359e+01  3.77536668e+00 
 1.32663359e+01  4.03860248e+00 
 1.32763359e+01  4.29980899e+00 
 1.32863359e+01  4.55899600e+00 
 1.32963359e+01  4.81613384e+00 
 1.33063359e+01  5.07122693e+00 
 1.33163359e+01  5.32423610e+00 
 1.33263359e+01  5.57515878e+00 
 1.33363359e+01  5.82394363e+00 
 1.33463359e+01  6.07057860e+00 
 1.33563359e+01  6.31499636e+00 
 1.33663359e+01  6.55717156e+00 
 1.33763359e+01  6.79701501e+00 
 1.33863359e+01  7.03448200e+00 
 1.33963359e+01  7.26945231e+00 
 1.34063359e+01  7.50185175e+00 
 1.34163359e+01  7.73151375e+00 
 1.34263359e+01  7.95831693e+00 
 1.34363359e+01  8.18202136e+00 
 1.34463359e+01  8.40242513e+00 
 1.34563359e+01  8.61916346e+00 
 1.34663359e+01  8.83188591e+00 
 1.34763359e+01  9.03999477e+00 
 1.34863359e+01  9.24283709e+00 
 1.34963359e+01  9.43932723e+00 
 1.35063359e+01  9.62811591e+00 
 1.35163359e+01  9.80694811e+00 
 1.35263359e+01  9.97267319e+00 
 1.35363359e+01  1.01195970e+01 
 1.35463359e+01  1.02413817e+01 
 1.35563359e+01  1.03309479e+01 
 1.35663359e+01  1.03905129e+01 
 1.35763359e+01  1.04305100e+01 
 1.35863359e+01  1.04615708e+01 
 1.35963359e+01  1.04877175e+01 
 1.36063359e+01  1.05114822e+01 
 1.36163359e+01  1.05328235e+01 
 1.36263359e+01  1.05528156e+01 
 1.36363359e+01  1.05709117e+01 
 1.36463359e+01  1.05880022e+01 
 1.36563359e+01  1.06034631e+01 
 1.36663359e+01  1.06181434e+01 
 1.36763359e+01  1.06313940e+01 
 1.36863359e+01  1.06440435e+01 
 1.36963359e+01  1.06554276e+01 
 1.37063359e+01  1.06663597e+01 
 1.37163359e+01  1.06761638e+01 
 1.37263359e+01  1.06856409e+01 
 1.37363359e+01  1.06941057e+01 
 1.37463359e+01  1.07023486e+01 
 1.37563359e+01  1.07096769e+01 
 1.37663359e+01  1.07168718e+01 
 1.37763359e+01  1.07232345e+01 
 1.37863359e+01  1.07295385e+01 
 1.37963359e+01  1.07350800e+01 
 1.38063359e+01  1.07406257e+01 
 1.38163359e+01  1.07454679e+01 
 1.38263359e+01  1.07503677e+01 
 1.38363359e+01  1.07546138e+01 
 1.38463359e+01  1.07589624e+01 
 1.38563359e+01  1.07626997e+01 
 1.38663359e+01  1.07665775e+01 
 1.38763359e+01  1.07698800e+01 
 1.38863359e+01  1.07733551e+01 
 1.38963359e+01  1.07762853e+01 
 1.39063359e+01  1.07794154e+01 
 1.39163359e+01  1.07820263e+01 
 1.39263359e+01  1.07848603e+01 
 1.39363359e+01  1.07871971e+01 
 1.39463359e+01  1.07897763e+01 
 1.39563359e+01  1.07918771e+01 
 1.39663359e+01  1.07942368e+01 
 1.39763359e+01  1.07961339e+01 
 1.39863359e+01  1.07983036e+01 
 1.39963359e+01  1.08000232e+01 
 1.40063359e+01  1.08020230e+01 
 1.40163359e+01  1.08035693e+01 
 1.40263359e+01  1.08053488e+01 
 1.40363359e+01  1.08064864e+01 
 1.40463359e+01  1.08071503e+01 
 1.40563359e+01  1.08047129e+01 
 1.40663359e+01  1.07939643e+01 
 1.40763359e+01  1.07369769e+01 
 1.40863359e+01  1.05593835e+01 
 1.40963359e+01  1.03376084e+01 
 1.41063359e+01  1.00852464e+01 
 1.41163359e+01  9.78994339e+00 
 1.41263359e+01  9.45887583e+00 
 1.41363359e+01  9.07935081e+00 
 1.41463359e+01  8.65822510e+00 
 1.41563359e+01  8.18247859e+00 
 1.41663359e+01  7.65860301e+00 
 1.41763359e+01  7.07321912e+00 
 1.41863359e+01  6.43243808e+00 
 1.41929093e+01  5.97271381e+00 
 1.41968864e+01  5.68525525e+00 
 1.41984310e+01  5.56808370e+00 
 1.42001191e+01  5.44307097e+00 
 1.42011250e+01  5.36742985e+00 
 1.42015185e+01  5.35384154e+00 
 1.42019206e+01  5.34041266e+00 
 1.42023672e+01  5.32546465e+00 
 1.42032604e+01  5.29568255e+00 
 1.42050468e+01  5.23628578e+00 
 1.42086197e+01  5.11793985e+00 
 1.42144937e+01  4.92412801e+00 
 1.42203129e+01  4.73301905e+00 
 1.42273181e+01  4.50409777e+00 
 1.42373181e+01  4.17946522e+00 
 1.42473181e+01  3.85731457e+00 
 1.42573181e+01  3.53763444e+00 
 1.42673181e+01  3.22037201e+00 
 1.42773181e+01  2.90551936e+00 
 1.42873181e+01  2.59302449e+00 
 1.42973181e+01  2.28288246e+00 
 1.43073181e+01  1.97504214e+00 
 1.43173181e+01  1.66950171e+00 
 1.43273181e+01  1.36621083e+00 
 1.43373181e+01  1.06517090e+00 
 1.43473181e+01  7.66332364e-01 
 1.43573181e+01  4.69700018e-01 
 1.43673181e+01  1.75224998e-01 
 1.43773181e+01 -1.17084266e-01 
 1.43873181e+01 -4.07275966e-01 
 1.43973181e+01 -6.95337785e-01 
 1.44073181e+01 -9.81317261e-01 
 1.44173181e+01 -1.26519786e+00 
 1.44273181e+01 -1.54702646e+00 
 1.44373181e+01 -1.82678189e+00 
 1.44473181e+01 -2.10451033e+00 
 1.44573181e+01 -2.38018548e+00 
 1.44673181e+01 -2.65385273e+00 
 1.44773181e+01 -2.92547998e+00 
 1.44873181e+01 -3.19511169e+00 
 1.44973181e+01 -3.46270914e+00 
 1.45073181e+01 -3.72831561e+00 
 1.45173181e+01 -3.99188468e+00 
 1.45273181e+01 -4.25345810e+00 
 1.45373181e+01 -4.51298030e+00 
 1.45473181e+01 -4.77049091e+00 
 1.45573181e+01 -5.02592333e+00 
 1.45673181e+01 -5.27931414e+00 
 1.45773181e+01 -5.53058312e+00 
 1.45873181e+01 -5.77976238e+00 
 1.45973181e+01 -6.02675438e+00 
 1.46073181e+01 -6.27158452e+00 
 1.46173181e+01 -6.51413262e+00 
 1.46273181e+01 -6.75441365e+00 
 1.46373181e+01 -6.99227675e+00 
 1.46473181e+01 -7.22772027e+00 
 1.46573181e+01 -7.46054996e+00 
 1.46673181e+01 -7.69073658e+00 
 1.46773181e+01 -7.91802134e+00 
 1.46873181e+01 -8.14232708e+00 
 1.46973181e+01 -8.36329262e+00 
 1.47073181e+01 -8.58075245e+00 
 1.47173181e+01 -8.79416940e+00 
 1.47273181e+01 -9.00320174e+00 
 1.47373181e+01 -9.20697718e+00 
 1.47473181e+01 -9.40476516e+00 
 1.47573181e+01 -9.59496762e+00 
 1.47673181e+01 -9.77588623e+00 
 1.47773181e+01 -9.94412752e+00 
 1.47873181e+01 -1.00950378e+01 
 1.47973181e+01 -1.02216440e+01 
 1.48073181e+01 -1.03175806e+01 
 1.48173181e+01 -1.03813550e+01 
 1.48273181e+01 -1.04245437e+01 
 1.48373181e+01 -1.04561335e+01 
 1.48473181e+01 -1.04835993e+01 
 1.48573181e+01 -1.05070933e+01 
 1.48673181e+01 -1.05294673e+01 
 1.48773181e+01 -1.05490542e+01 
 1.48873181e+01 -1.05681071e+01 
 1.48973181e+01 -1.05847388e+01 
 1.49073181e+01 -1.06011118e+01 
 1.49173181e+01 -1.06152960e+01 
 1.49273181e+01 -1.06294237e+01 
 1.49373181e+01 -1.06415473e+01 
 1.49473181e+01 -1.06537793e+01 
 1.49573181e+01 -1.06641607e+01 
 1.49673181e+01 -1.06747881e+01 
 1.49773181e+01 -1.06836939e+01 
 1.49873181e+01 -1.06929612e+01 
 1.49973181e+01 -1.07006156e+01 
 1.50073181e+01 -1.07087285e+01 
 1.50173181e+01 -1.07153206e+01 
 1.50273181e+01 -1.07224528e+01 
 1.50373181e+01 -1.07281419e+01 
 1.50473181e+01 -1.07344400e+01 
 1.50573181e+01 -1.07393609e+01 
 1.50673181e+01 -1.07449486e+01 
 1.50773181e+01 -1.07492152e+01 
 1.50873181e+01 -1.07541974e+01 
 1.50973181e+01 -1.07579059e+01 
 1.51073181e+01 -1.07623712e+01 
 1.51173181e+01 -1.07656032e+01 
 1.51273181e+01 -1.07696266e+01 
 1.51373181e+01 -1.07724510e+01 
 1.51473181e+01 -1.07760962e+01 
 1.51573181e+01 -1.07785716e+01 
 1.51673181e+01 -1.07818924e+01 
 1.51773181e+01 -1.07840684e+01 
 1.51873181e+01 -1.07871106e+01 
 1.51973181e+01 -1.07890292e+01 
 1.52073181e+01 -1.07918314e+01 
 1.52173181e+01 -1.07935283e+01 
 1.52273181e+01 -1.07961235e+01 
 1.52373181e+01 -1.07976286e+01 
 1.52473181e+01 -1.08000435e+01 
 1.52573181e+01 -1.08013783e+01 
 1.52673181e+01 -1.08036199e+01 
 1.52773181e+01 -1.08047474e+01 
 1.52873181e+01 -1.08066100e+01 
 1.52973181e+01 -1.08067915e+01 
 1.53073181e+01 -1.08056387e+01 
 1.53173181e+01 -1.07955688e+01 
 1.53273181e+01 -1.07538233e+01 
 1.53373181e+01 -1.05793442e+01 
 1.53473181e+01 -1.03700607e+01 
 1.53573181e+01 -1.01134319e+01 
 1.53673181e+01 -9.83115939e+00 
 1.53773181e+01 -9.49640981e+00 
 1.53873181e+01 -9.13052145e+00 
 1.53973181e+01 -8.70636622e+00 
 1.54073181e+01 -8.24493694e+00 
 1.54173181e+01 -7.71875697e+00 
 1.54273181e+01 -7.14844057e+00 
 1.54373181e+01 -6.50616137e+00 
 1.54473181e+01 -5.81242981e+00 
 1.54505873e+01 -5.56485652e+00 
 1.54544571e+01 -5.32778571e+00 
 1.54555979e+01 -5.28975925e+00 
 1.54568372e+01 -5.24857658e+00 
 1.54580162e+01 -5.20946145e+00 
 1.54603741e+01 -5.13135736e+00 
 1.54650901e+01 -4.97560545e+00 
 1.54706013e+01 -4.79435515e+00 
 1.54772746e+01 -4.57592305e+00 
 1.54872746e+01 -4.25072241e+00 
 1.54972746e+01 -3.92800493e+00 
 1.55072746e+01 -3.60777199e+00 
 1.55172746e+01 -3.28995751e+00 
 1.55272746e+01 -2.97456638e+00 
 1.55372746e+01 -2.66153298e+00 
 1.55472746e+01 -2.35086590e+00 
 1.55572746e+01 -2.04249972e+00 
 1.55672746e+01 -1.73644677e+00 
 1.55772746e+01 -1.43264177e+00 
 1.55872746e+01 -1.13110099e+00 
 1.55972746e+01 -8.31759133e-01 
 1.56072746e+01 -5.34636657e-01 
 1.56172746e+01 -2.39668160e-01 
 1.56272746e+01  5.31214488e-02 
 1.56372746e+01  3.43797801e-01 
 1.56472746e+01  6.32331180e-01 
 1.56572746e+01  9.18787559e-01 
 1.56672746e+01  1.20313200e+00 
 1.56772746e+01  1.48543090e+00 
 1.56872746e+01  1.76564360e+00 
 1.56972746e+01  2.04383704e+00 
 1.57072746e+01  2.31996414e+00 
 1.57172746e+01  2.59409248e+00 
 1.57272746e+01  2.86616780e+00 
 1.57372746e+01  3.13625830e+00 
 1.57472746e+01  3.40430157e+00 
 1.57572746e+01  3.67036641e+00 
 1.57672746e+01  3.93438098e+00 
 1.57772746e+01  4.19641458e+00 
 1.57872746e+01  4.45638425e+00 
 1.57972746e+01  4.71435958e+00 
 1.58072746e+01  4.97024430e+00 
 1.58172746e+01  5.22410778e+00 
 1.58272746e+01  5.47583754e+00 
 1.58372746e+01  5.72550182e+00 
 1.58472746e+01  5.97296784e+00 
 1.58572746e+01  6.21830123e+00 
 1.58672746e+01  6.46134307e+00 
 1.58772746e+01  6.70215369e+00 
 1.58872746e+01  6.94053942e+00 
 1.58972746e+01  7.17655051e+00 
 1.59072746e+01  7.40994522e+00 
 1.59172746e+01  7.64075499e+00 
 1.59272746e+01  7.86866819e+00 
 1.59372746e+01  8.09368072e+00 
 1.59472746e+01  8.31537299e+00 
 1.59572746e+01  8.53367130e+00 
 1.59672746e+01  8.74797581e+00 
 1.59772746e+01  8.95806820e+00 
 1.59872746e+01  9.16301602e+00 
 1.59972746e+01  9.36227345e+00 
 1.60072746e+01  9.55421113e+00 
 1.60172746e+01  9.73745635e+00 
 1.60272746e+01  9.90870098e+00 
 1.60372746e+01  1.00639875e+01 
 1.60472746e+01  1.01964075e+01 
 1.60572746e+01  1.02996975e+01 
 1.60672746e+01  1.03695290e+01 
 1.60772746e+01  1.04165832e+01 
 1.60872746e+01  1.04495941e+01 
 1.60972746e+01  1.04782120e+01 
 1.61072746e+01  1.05019555e+01 
 1.61172746e+01  1.05250598e+01 
 1.61272746e+01  1.05447070e+01 
 1.61372746e+01  1.05643892e+01 
 1.61472746e+01  1.05810115e+01 
 1.61572746e+01  1.05979579e+01 
 1.61672746e+01  1.06120853e+01 
 1.61772746e+01  1.06267435e+01 
 1.61872746e+01  1.06387722e+01 
 1.61972746e+01  1.06514992e+01 
 1.62072746e+01  1.06617540e+01 
 1.62172746e+01  1.06728466e+01 
 1.62272746e+01  1.06815994e+01 
 1.62372746e+01  1.06913066e+01 
 1.62472746e+01  1.06987859e+01 
 1.62572746e+01  1.07073175e+01 
 1.62672746e+01  1.07137157e+01 
 1.62772746e+01  1.07212486e+01 
 1.62872746e+01  1.07267282e+01 
 1.62972746e+01  1.07334117e+01 
 1.63072746e+01  1.07381099e+01 
 1.63172746e+01  1.07440701e+01 
 1.63272746e+01  1.07481028e+01 
 1.63372746e+01  1.07534464e+01 
 1.63472746e+01  1.07569117e+01 
 1.63572746e+01  1.07617291e+01 
 1.63672746e+01  1.07647099e+01 
 1.63772746e+01  1.07690775e+01 
 1.63872746e+01  1.07716442e+01 
 1.63972746e+01  1.07756266e+01 
 1.64072746e+01  1.07778387e+01 
 1.64172746e+01  1.07814911e+01 
 1.64272746e+01  1.07833990e+01 
 1.64372746e+01  1.07867677e+01 
 1.64472746e+01  1.07884144e+01 
 1.64572746e+01  1.07915390e+01 
 1.64672746e+01  1.07929605e+01 
 1.64772746e+01  1.07958744e+01 
 1.64872746e+01  1.07971016e+01 
 1.64972746e+01  1.07998324e+01 
 1.65072746e+01  1.08008884e+01 
 1.65172746e+01  1.08034484e+01 
 1.65272746e+01  1.08043147e+01 
 1.65372746e+01  1.08065625e+01 
 1.65472746e+01  1.08066239e+01 
 1.65572746e+01  1.08067249e+01 
 1.65672746e+01  1.07994093e+01 
 1.65772746e+01  1.07746764e+01 
 1.65872746e+01  1.06300340e+01 
 1.65972746e+01  1.04339047e+01 
 1.66072746e+01  1.01835256e+01 
 1.66172746e+01  9.91580919e+00 
 1.66272746e+01  9.58881326e+00 
 1.66372746e+01  9.23907868e+00 
 1.66472746e+01  8.82437185e+00 
 1.66572746e+01  8.38090025e+00 
 1.66672746e+01  7.86605212e+00 
 1.66772746e+01  7.31576053e+00 
 1.66872746e+01  6.68687155e+00 
 1.66972746e+01  6.01517523e+00 
 1.67031223e+01  5.57757348e+00 
 1.67094310e+01  5.25408142e+00 
 1.67120035e+01  5.16881658e+00 
 1.67144523e+01  5.08779836e+00 
 1.67168767e+01  5.00779377e+00 
 1.67217255e+01  4.84817775e+00 
 1.67289283e+01  4.61217623e+00 
 1.67389283e+01  4.28671549e+00 
 1.67489283e+01  3.96373764e+00 
 1.67589283e+01  3.64325097e+00 
 1.67689283e+01  3.32518243e+00 
 1.67789283e+01  3.00954362e+00 
 1.67889283e+01  2.69626180e+00 
 1.67989283e+01  2.38535267e+00 
 1.68089283e+01  2.07674334e+00 
 1.68189283e+01  1.77045357e+00 
 1.68289283e+01  1.46641025e+00 
 1.68389283e+01  1.16463747e+00 
 1.68489283e+01  8.65061703e-01 
 1.68589283e+01  5.67711624e-01 
 1.68689283e+01  2.72513171e-01 
 1.68789283e+01 -2.05000889e-02 
 1.68889283e+01 -3.11402919e-01 
 1.68989283e+01 -6.00156467e-01 
 1.69089283e+01 -8.86836356e-01 
 1.69189283e+01 -1.17139798e+00 
 1.69289283e+01 -1.45391799e+00 
 1.69389283e+01 -1.73434544e+00 
 1.69489283e+01 -2.01275817e+00 
 1.69589283e+01 -2.28909822e+00 
 1.69689283e+01 -2.56344474e+00 
 1.69789283e+01 -2.83573188e+00 
 1.69889283e+01 -3.10604024e+00 
 1.69989283e+01 -3.37429500e+00 
 1.70089283e+01 -3.64057831e+00 
 1.70189283e+01 -3.90480499e+00 
 1.70289283e+01 -4.16705876e+00 
 1.70389283e+01 -4.42724233e+00 
 1.70489283e+01 -4.68544089e+00 
 1.70589283e+01 -4.94154270e+00 
 1.70689283e+01 -5.19563420e+00 
 1.70789283e+01 -5.44758606e+00 
 1.70889283e+01 -5.69748535e+00 
 1.70989283e+01 -5.94518089e+00 
 1.71089283e+01 -6.19075922e+00 
 1.71189283e+01 -6.43404126e+00 
 1.71289283e+01 -6.67511083e+00 
 1.71389283e+01 -6.91375202e+00 
 1.71489283e+01 -7.15004193e+00 
 1.71589283e+01 -7.38371415e+00 
 1.71689283e+01 -7.61483141e+00 
 1.71789283e+01 -7.84305468e+00 
 1.71889283e+01 -8.06841736e+00 
 1.71989283e+01 -8.29046962e+00 
 1.72089283e+01 -8.50918457e+00 
 1.72189283e+01 -8.72392991e+00 
 1.72289283e+01 -8.93454968e+00 
 1.72389283e+01 -9.14007995e+00 
 1.72489283e+01 -9.34006704e+00 
 1.72589283e+01 -9.53286365e+00 
 1.72689283e+01 -9.71725673e+00 
 1.72789283e+01 -9.88997641e+00 
 1.72889283e+01 -1.00474038e+01 
 1.72989283e+01 -1.01826987e+01 
 1.73089283e+01 -1.02897527e+01 
 1.73189283e+01 -1.03629203e+01 
 1.73289283e+01 -1.04122120e+01 
 1.73389283e+01 -1.04460866e+01 
 1.73489283e+01 -1.04753491e+01 
 1.73589283e+01 -1.04992373e+01 
 1.73689283e+01 -1.05227311e+01 
 1.73789283e+01 -1.05424107e+01 
 1.73889283e+01 -1.05624255e+01 
 1.73989283e+01 -1.05790421e+01 
 1.74089283e+01 -1.05962912e+01 
 1.74189283e+01 -1.06103878e+01 
 1.74289283e+01 -1.06253261e+01 
 1.74389283e+01 -1.06373039e+01 
 1.74489283e+01 -1.06502923e+01 
 1.74589283e+01 -1.06604797e+01 
 1.74689283e+01 -1.06718180e+01 
 1.74789283e+01 -1.06804894e+01 
 1.74889283e+01 -1.06904291e+01 
 1.74989283e+01 -1.06978153e+01 
 1.75089283e+01 -1.07065683e+01 
 1.75189283e+01 -1.07128637e+01 
 1.75289283e+01 -1.07206085e+01 
 1.75389283e+01 -1.07259770e+01 
 1.75489283e+01 -1.07328643e+01 
 1.75589283e+01 -1.07374444e+01 
 1.75689283e+01 -1.07436017e+01 
 1.75789283e+01 -1.07475105e+01 
 1.75889283e+01 -1.07530455e+01 
 1.75989283e+01 -1.07563819e+01 
 1.76089283e+01 -1.07613857e+01 
 1.76189283e+01 -1.07642336e+01 
 1.76289283e+01 -1.07687833e+01 
 1.76389283e+01 -1.07712136e+01 
 1.76489283e+01 -1.07753746e+01 
 1.76589283e+01 -1.07774474e+01 
 1.76689283e+01 -1.07812753e+01 
 1.76789283e+01 -1.07830414e+01 
 1.76889283e+01 -1.07865831e+01 
 1.76989283e+01 -1.07880858e+01 
 1.77089283e+01 -1.07913811e+01 
 1.77189283e+01 -1.07926571e+01 
 1.77289283e+01 -1.07957397e+01 
 1.77389283e+01 -1.07968198e+01 
 1.77489283e+01 -1.07997179e+01 
 1.77589283e+01 -1.08006259e+01 
 1.77689283e+01 -1.08033526e+01 
 1.77789283e+01 -1.08040736e+01 
 1.77889283e+01 -1.08064986e+01 
 1.77989283e+01 -1.08064277e+01 
 1.78089283e+01 -1.08068708e+01 
 1.78189283e+01 -1.07998848e+01 
 1.78289283e+01 -1.07777742e+01 
 1.78389283e+01 -1.06393942e+01 
 1.78489283e+01 -1.04470230e+01 
 1.78589283e+01 -1.01964231e+01 
 1.78689283e+01 -9.93266232e+00 
 1.78789283e+01 -9.60566969e+00 
 1.78889283e+01 -9.26012873e+00 
 1.78989283e+01 -8.84567812e+00 
 1.79089283e+01 -8.40667966e+00 
 1.79189283e+01 -7.89235615e+00 
 1.79289283e+01 -7.34687761e+00 
 1.79389283e+01 -6.71878595e+00 
 1.79489283e+01 -6.05220695e+00 
 1.79552315e+01 -5.58006472e+00 
 1.79624388e+01 -5.22633396e+00 
 1.79658830e+01 -5.11236806e+00 
 1.79691670e+01 -5.00390482e+00 
 1.79725031e+01 -4.89407629e+00 
 1.79791753e+01 -4.67516981e+00 
 1.79891753e+01 -4.34920404e+00 
 1.79991753e+01 -4.02575100e+00 
 1.80091753e+01 -3.70475037e+00 
 1.80191753e+01 -3.38621981e+00 
 1.80291753e+01 -3.07008014e+00 
 1.80391753e+01 -2.75634967e+00 
 1.80491753e+01 -2.44495022e+00 
 1.80591753e+01 -2.13590479e+00 
 1.80691753e+01 -1.82913461e+00 
 1.80791753e+01 -1.52466708e+00 
 1.80891753e+01 -1.22242285e+00 
 1.80991753e+01 -9.22434059e-01 
 1.81091753e+01 -6.24620582e-01 
 1.81191753e+01 -3.29019584e-01 
 1.81291753e+01 -3.55499897e-02 
 1.81391753e+01  2.55745625e-01 
 1.81491753e+01  5.44949483e-01 
 1.81591753e+01  8.32013146e-01 
 1.81691753e+01  1.11702018e+00 
 1.81791753e+01  1.39991573e+00 
 1.81891753e+01  1.68078492e+00 
 1.81991753e+01  1.95956582e+00 
 1.82091753e+01  2.23634529e+00 
 1.82191753e+01  2.51105352e+00 
 1.82291753e+01  2.78377931e+00 
 1.82391753e+01  3.05444395e+00 
 1.82491753e+01  3.32313838e+00 
 1.82591753e+01  3.58977371e+00 
 1.82691753e+01  3.85444318e+00 
 1.82791753e+01  4.11704609e+00 
 1.82891753e+01  4.37767810e+00 
 1.82991753e+01  4.63622459e+00 
 1.83091753e+01  4.89278362e+00 
 1.83191753e+01  5.14722391e+00 
 1.83291753e+01  5.39964570e+00 
 1.83391753e+01  5.64989733e+00 
 1.83491753e+01  5.89808065e+00 
 1.83591753e+01  6.14401846e+00 
 1.83691753e+01  6.38781300e+00 
 1.83791753e+01  6.62925416e+00 
 1.83891753e+01  6.86844214e+00 
 1.83991753e+01  7.10512298e+00 
 1.84091753e+01  7.33939012e+00 
 1.84191753e+01  7.57092867e+00 
 1.84291753e+01  7.79981602e+00 
 1.84391753e+01  8.02564817e+00 
 1.84491753e+01  8.24846757e+00 
 1.84591753e+01  8.46773110e+00 
 1.84691753e+01  8.68340551e+00 
 1.84791753e+01  8.89471145e+00 
 1.84891753e+01  9.10144488e+00 
 1.84991753e+01  9.30237919e+00 
 1.85091753e+01  9.49689385e+00 
 1.85191753e+01  9.68279152e+00 
 1.85291753e+01  9.85833305e+00 
 1.85391753e+01  1.00189298e+01 
 1.85491753e+01  1.01593932e+01 
 1.85591753e+01  1.02713935e+01 
 1.85691753e+01  1.03520350e+01 
 1.85791753e+01  1.04034227e+01 
 1.85891753e+01  1.04411763e+01 
 1.85991753e+01  1.04693093e+01 
 1.86091753e+01  1.04957764e+01 
 1.86191753e+01  1.05175958e+01 
 1.86291753e+01  1.05396826e+01 
 1.86391753e+01  1.05579174e+01 
 1.86491753e+01  1.05768711e+01 
 1.86591753e+01  1.05922908e+01 
 1.86691753e+01  1.06086787e+01 
 1.86791753e+01  1.06217519e+01 
 1.86891753e+01  1.06359834e+01 
 1.86991753e+01  1.06470783e+01 
 1.87091753e+01  1.06594875e+01 
 1.87191753e+01  1.06689090e+01 
 1.87291753e+01  1.06797751e+01 
 1.87391753e+01  1.06877789e+01 
 1.87491753e+01  1.06973364e+01 
 1.87591753e+01  1.07041379e+01 
 1.87691753e+01  1.07125844e+01 
 1.87791753e+01  1.07183649e+01 
 1.87891753e+01  1.07258671e+01 
 1.87991753e+01  1.07307798e+01 
 1.88091753e+01  1.07374785e+01 
 1.88191753e+01  1.07416528e+01 
 1.88291753e+01  1.07476671e+01 
 1.88391753e+01  1.07512123e+01 
 1.88491753e+01  1.07566427e+01 
 1.88591753e+01  1.07596513e+01 
 1.88691753e+01  1.07644798e+01 
 1.88791753e+01  1.07671114e+01 
 1.88891753e+01  1.07715337e+01 
 1.88991753e+01  1.07737754e+01 
 1.89091753e+01  1.07778308e+01 
 1.89191753e+01  1.07797365e+01 
 1.89291753e+01  1.07834789e+01 
 1.89391753e+01  1.07850966e+01 
 1.89491753e+01  1.07885697e+01 
 1.89591753e+01  1.07899397e+01 
 1.89691753e+01  1.07931809e+01 
 1.89791753e+01  1.07943373e+01 
 1.89891753e+01  1.07973781e+01 
 1.89991753e+01  1.07983496e+01 
 1.90091753e+01  1.08012148e+01 
 1.90191753e+01  1.08020187e+01 
 1.90291753e+01  1.08047031e+01 
 1.90391753e+01  1.08051505e+01 
 1.90491753e+01  1.08074924e+01 
 1.90591753e+01  1.08062293e+01 
 1.90691753e+01  1.08037132e+01 
 1.90791753e+01  1.07844013e+01 
 1.90891753e+01  1.06974320e+01 
 1.90991753e+01  1.04889251e+01 
 1.91091753e+01  1.02726115e+01 
 1.91191753e+01  9.99318665e+00 
 1.91291753e+01  9.70179596e+00 
 1.91391753e+01  9.34205160e+00 
 1.91491753e+01  8.96470486e+00 
 1.91591753e+01  8.51309182e+00 
 1.91691753e+01  8.03763913e+00 
 1.91791753e+01  7.48121263e+00 
 1.91891753e+01  6.89390783e+00 
 1.91991753e+01  6.21838957e+00 
 1.92091753e+01  5.50556087e+00 
 1.92191534e+01  5.09756876e+00 
 1.92274089e+01  4.82554491e+00 
 1.92354710e+01  4.56163747e+00 
 1.92434307e+01  4.30270855e+00 
 1.92534307e+01  3.97960217e+00 
 1.92634307e+01  3.65900029e+00 
 1.92734307e+01  3.34081306e+00 
 1.92834307e+01  3.02505892e+00 
 1.92934307e+01  2.71166005e+00 
 1.93034307e+01  2.40063808e+00 
 1.93134307e+01  2.09191446e+00 
 1.93234307e+01  1.78551447e+00 
 1.93334307e+01  1.48135925e+00 
 1.93434307e+01  1.17947869e+00 
 1.93534307e+01  8.79793232e-01 
 1.93634307e+01  5.82337638e-01 
 1.93734307e+01  2.87031480e-01 
 1.93834307e+01 -6.08523987e-03 
 1.93934307e+01 -2.97094006e-01 
 1.94034307e+01 -5.85949172e-01 
 1.94134307e+01 -8.72733466e-01 
 1.94234307e+01 -1.15739509e+00 
 1.94334307e+01 -1.44001823e+00 
 1.94434307e+01 -1.72054432e+00 
 1.94534307e+01 -1.99905918e+00 
 1.94634307e+01 -2.27549676e+00 
 1.94734307e+01 -2.54994473e+00 
 1.94834307e+01 -2.82232861e+00 
 1.94934307e+01 -3.09273811e+00 
 1.95034307e+01 -3.36108916e+00 
 1.95134307e+01 -3.62747371e+00 
 1.95234307e+01 -3.89179664e+00 
 1.95334307e+01 -4.15415225e+00 
 1.95434307e+01 -4.41443253e+00 
 1.95534307e+01 -4.67273414e+00 
 1.95634307e+01 -4.92893373e+00 
 1.95734307e+01 -5.18313025e+00 
 1.95834307e+01 -5.43518173e+00 
 1.95934307e+01 -5.68518900e+00 
 1.96034307e+01 -5.93298703e+00 
 1.96134307e+01 -6.17867760e+00 
 1.96234307e+01 -6.42206637e+00 
 1.96334307e+01 -6.66325424e+00 
 1.96434307e+01 -6.90200835e+00 
 1.96534307e+01 -7.13842520e+00 
 1.96634307e+01 -7.37221939e+00 
 1.96734307e+01 -7.60347606e+00 
 1.96834307e+01 -7.83183478e+00 
 1.96934307e+01 -8.05735546e+00 
 1.97034307e+01 -8.27956393e+00 
 1.97134307e+01 -8.49846580e+00 
 1.97234307e+01 -8.71340111e+00 
 1.97334307e+01 -8.92425575e+00 
 1.97434307e+01 -9.13003519e+00 
 1.97534307e+01 -9.33034426e+00 
 1.97634307e+01 -9.52350547e+00 
 1.97734307e+01 -9.70839927e+00 
 1.97834307e+01 -9.88174030e+00 
 1.97934307e+01 -1.00404140e+01 
 1.98034307e+01 -1.01766071e+01 
 1.98134307e+01 -1.02853081e+01 
 1.98234307e+01 -1.03599248e+01 
 1.98334307e+01 -1.04102827e+01 
 1.98434307e+01 -1.04445249e+01 
 1.98534307e+01 -1.04741263e+01 
 1.98634307e+01 -1.04980346e+01 
 1.98734307e+01 -1.05217486e+01 
 1.98834307e+01 -1.05413950e+01 
 1.98934307e+01 -1.05616040e+01 
 1.99034307e+01 -1.05781703e+01 
 1.99134307e+01 -1.05956004e+01 
 1.99234307e+01 -1.06096356e+01 
 1.99334307e+01 -1.06247447e+01 
 1.99434307e+01 -1.06366524e+01 
 1.99534307e+01 -1.06498034e+01 
 1.99634307e+01 -1.06599134e+01 
 1.99734307e+01 -1.06714074e+01 
 1.99834307e+01 -1.06799953e+01 
 1.99934307e+01 -1.06900849e+01 
 2.00034307e+01 -1.06973825e+01 
 2.00134307e+01 -1.07062803e+01 
 2.00234307e+01 -1.07124829e+01 
 2.00334307e+01 -1.07203683e+01 
 2.00434307e+01 -1.07256405e+01 
 2.00534307e+01 -1.07326648e+01 
 2.00634307e+01 -1.07371456e+01 
 2.00734307e+01 -1.07434368e+01 
 2.00834307e+01 -1.07472438e+01 
 2.00934307e+01 -1.07529100e+01 
 2.01034307e+01 -1.07561426e+01 
 2.01134307e+01 -1.07612754e+01 
 2.01234307e+01 -1.07640177e+01 
 2.01334307e+01 -1.07685918e+01 
 2.01434307e+01 -1.07709958e+01 
 2.01534307e+01 -1.07751997e+01 
 2.01634307e+01 -1.07772469e+01 
 2.01734307e+01 -1.07811146e+01 
 2.01834307e+01 -1.07828540e+01 
 2.01934307e+01 -1.07864346e+01 
 2.02034307e+01 -1.07879098e+01 
 2.02134307e+01 -1.07912432e+01 
 2.02234307e+01 -1.07924909e+01 
 2.02334307e+01 -1.07956110e+01 
 2.02434307e+01 -1.07966622e+01 
 2.02534307e+01 -1.07995972e+01 
 2.02634307e+01 -1.08004759e+01 
 2.02734307e+01 -1.08032406e+01 
 2.02834307e+01 -1.08038320e+01 
 2.02934307e+01 -1.08064142e+01 
 2.03034307e+01 -1.08063317e+01 
 2.03134307e+01 -1.08070383e+01 
 2.03234307e+01 -1.08003312e+01 
 2.03334307e+01 -1.07802093e+01 
 2.03434307e+01 -1.06477794e+01 
 2.03534307e+01 -1.04586005e+01 
 2.03634307e+01 -1.02082425e+01 
 2.03734307e+01 -9.94789566e+00 
 2.03834307e+01 -9.62140103e+00 
 2.03934307e+01 -9.27954826e+00 
 2.04034307e+01 -8.86588689e+00 
 2.04134307e+01 -8.43089853e+00 
 2.04234307e+01 -7.91767777e+00 
 2.04334307e+01 -7.37638842e+00 
 2.04434307e+01 -6.74989155e+00 
 2.04534307e+01 -6.08791477e+00 
 2.04600328e+01 -5.59387419e+00 
 2.04681171e+01 -5.20412040e+00 
 2.04723432e+01 -5.06445830e+00 
 2.04763805e+01 -4.93139607e+00 
 2.04806284e+01 -4.79177095e+00 
 2.04891242e+01 -4.51392323e+00 
 2.04991242e+01 -4.18917734e+00 
 2.05091242e+01 -3.86695364e+00 
 2.05191242e+01 -3.54716478e+00 
 2.05291242e+01 -3.22983170e+00 
 2.05391242e+01 -2.91487162e+00 
 2.05491242e+01 -2.60230939e+00 
 2.05591242e+01 -2.29206157e+00 
 2.05691242e+01 -1.98415724e+00 
 2.05791242e+01 -1.67851235e+00 
 2.05891242e+01 -1.37516076e+00 
 2.05991242e+01 -1.07401750e+00 
 2.06091242e+01 -7.75121485e-01 
 2.06191242e+01 -4.78386661e-01 
 2.06291242e+01 -1.83857364e-01 
 2.06391242e+01  1.08553782e-01 
 2.06491242e+01  3.98796598e-01 
 2.06591242e+01  6.86959994e-01 
 2.06691242e+01  9.72987446e-01 
 2.06791242e+01  1.25696963e+00 
 2.06891242e+01  1.53884308e+00 
 2.06991242e+01  1.81870047e+00 
 2.07091242e+01  2.09647062e+00 
 2.07191242e+01  2.37224849e+00 
 2.07291242e+01  2.64595429e+00 
 2.07391242e+01  2.91768549e+00 
 2.07491242e+01  3.18735254e+00 
 2.07591242e+01  3.45505571e+00 
 2.07691242e+01  3.72069425e+00 
 2.07791242e+01  3.98437145e+00 
 2.07891242e+01  4.24597357e+00 
 2.07991242e+01  4.50560707e+00 
 2.08091242e+01  4.76314289e+00 
 2.08191242e+01  5.01869074e+00 
 2.08291242e+01  5.27210311e+00 
 2.08391242e+01  5.52349285e+00 
 2.08491242e+01  5.77268981e+00 
 2.08591242e+01  6.01980946e+00 
 2.08691242e+01  6.26465318e+00 
 2.08791242e+01  6.50733790e+00 
 2.08891242e+01  6.74762809e+00 
 2.08991242e+01  6.98563962e+00 
 2.09091242e+01  7.22108752e+00 
 2.09191242e+01  7.45408149e+00 
 2.09291242e+01  7.68426737e+00 
 2.09391242e+01  7.91173833e+00 
 2.09491242e+01  8.13603795e+00 
 2.09591242e+01  8.35722118e+00 
 2.09691242e+01  8.57466975e+00 
 2.09791242e+01  8.78835210e+00 
 2.09891242e+01  8.99736986e+00 
 2.09991242e+01  9.20148858e+00 
 2.10091242e+01  9.39926555e+00 
 2.10191242e+01  9.58995220e+00 
 2.10291242e+01  9.77088722e+00 
 2.10391242e+01  9.93990357e+00 
 2.10491242e+01  1.00908295e+01 
 2.10591242e+01  1.02189761e+01 
 2.10691242e+01  1.03147822e+01 
 2.10791242e+01  1.03806708e+01 
 2.10891242e+01  1.04227206e+01 
 2.10991242e+01  1.04563034e+01 
 2.11091242e+01  1.04821806e+01 
 2.11191242e+01  1.05074314e+01 
 2.11291242e+01  1.05281444e+01 
 2.11391242e+01  1.05494982e+01 
 2.11491242e+01  1.05668777e+01 
 2.11591242e+01  1.05852623e+01 
 2.11691242e+01  1.05999565e+01 
 2.11791242e+01  1.06158857e+01 
 2.11891242e+01  1.06283315e+01 
 2.11991242e+01  1.06421925e+01 
 2.12091242e+01  1.06527405e+01 
 2.12191242e+01  1.06648526e+01 
 2.12291242e+01  1.06737946e+01 
 2.12391242e+01  1.06844251e+01 
 2.12491242e+01  1.06920063e+01 
 2.12591242e+01  1.07013798e+01 
 2.12691242e+01  1.07078065e+01 
 2.12791242e+01  1.07161127e+01 
 2.12891242e+01  1.07215588e+01 
 2.12991242e+01  1.07289576e+01 
 2.13091242e+01  1.07335700e+01 
 2.13191242e+01  1.07401964e+01 
 2.13291242e+01  1.07440992e+01 
 2.13391242e+01  1.07499427e+01 
 2.13491242e+01  1.07533366e+01 
 2.13591242e+01  1.07586452e+01 
 2.13691242e+01  1.07615260e+01 
 2.13791242e+01  1.07663525e+01 
 2.13891242e+01  1.07687922e+01 
 2.13991242e+01  1.07732088e+01 
 2.14091242e+01  1.07752715e+01 
 2.14191242e+01  1.07793365e+01 
 2.14291242e+01  1.07809559e+01 
 2.14391242e+01  1.07848373e+01 
 2.14491242e+01  1.07861795e+01 
 2.14591242e+01  1.07898013e+01 
 2.14691242e+01  1.07909051e+01 
 2.14791242e+01  1.07943032e+01 
 2.14891242e+01  1.07952014e+01 
 2.14991242e+01  1.07984058e+01 
 2.15091242e+01  1.07991253e+01 
 2.15191242e+01  1.08021581e+01 
 2.15291242e+01  1.08027072e+01 
 2.15391242e+01  1.08055379e+01 
 2.15491242e+01  1.08057294e+01 
 2.15591242e+01  1.08077795e+01 
 2.15691242e+01  1.08049895e+01 
 2.15791242e+01  1.07984223e+01 
 2.15891242e+01  1.07557781e+01 
 2.15991242e+01  1.06064647e+01 
 2.16091242e+01  1.03792646e+01 
 2.16191242e+01  1.01468064e+01 
 2.16291242e+01  9.84711784e+00 
 2.16391242e+01  9.53703414e+00 
 2.16491242e+01  9.15429123e+00 
 2.16591242e+01  8.75536518e+00 
 2.16691242e+01  8.27770300e+00 
 2.16791242e+01  7.77746207e+00 
 2.16891242e+01  7.19156322e+00 
 2.16991242e+01  6.57585287e+00 
 2.17091242e+01  5.86730875e+00 
 2.17170930e+01  5.33054934e+00 
 2.17208467e+01  5.20569635e+00 
 2.17245086e+01  5.08449901e+00 
 2.17283860e+01  4.95657939e+00 
 2.17357552e+01  4.71453741e+00 
 2.17449603e+01  4.41410186e+00 
 2.17549603e+01  4.09017272e+00 
 2.17649603e+01  3.76869501e+00 
 2.17749603e+01  3.44970121e+00 
 2.17849603e+01  3.13309273e+00 
 2.17949603e+01  2.81891026e+00 
 2.18049603e+01  2.50705294e+00 
 2.18149603e+01  2.19756612e+00 
 2.18249603e+01  1.89034766e+00 
 2.18349603e+01  1.58544858e+00 
 2.18449603e+01  1.28276498e+00 
 2.18549603e+01  9.82353735e-01 
 2.18649603e+01  6.84108933e-01 
 2.18749603e+01  3.88093801e-01 
 2.18849603e+01  9.42000867e-02 
 2.18949603e+01 -1.97502161e-01 
 2.19049603e+01 -4.87123842e-01 
 2.19149603e+01 -7.74587499e-01 
 2.19249603e+01 -1.06000703e+00 
 2.19349603e+01 -1.34329687e+00 
 2.19449603e+01 -1.62457430e+00 
 2.19549603e+01 -1.90374478e+00 
 2.19649603e+01 -2.18092940e+00 
 2.19749603e+01 -2.45602365e+00 
 2.19849603e+01 -2.72915284e+00 
 2.19949603e+01 -3.00020121e+00 
 2.20049603e+01 -3.26929883e+00 
 2.20149603e+01 -3.53631709e+00 
 2.20249603e+01 -3.80139133e+00 
 2.20349603e+01 -4.06437815e+00 
 2.20449603e+01 -4.32541868e+00 
 2.20549603e+01 -4.58435222e+00 
 2.20649603e+01 -4.84132622e+00 
 2.20749603e+01 -5.09615939e+00 
 2.20849603e+01 -5.34900599e+00 
 2.20949603e+01 -5.59965980e+00 
 2.21049603e+01 -5.84828221e+00 
 2.21149603e+01 -6.09463613e+00 
 2.21249603e+01 -6.33889000e+00 
 2.21349603e+01 -6.58076755e+00 
 2.21449603e+01 -6.82044345e+00 
 2.21549603e+01 -7.05759005e+00 
 2.21649603e+01 -7.29238580e+00 
 2.21749603e+01 -7.52443311e+00 
 2.21849603e+01 -7.75390827e+00 
 2.21949603e+01 -7.98031375e+00 
 2.22049603e+01 -8.20381013e+00 
 2.22149603e+01 -8.42374807e+00 
 2.22249603e+01 -8.64024089e+00 
 2.22349603e+01 -8.85238943e+00 
 2.22449603e+01 -9.06018278e+00 
 2.22549603e+01 -9.26226504e+00 
 2.22649603e+01 -9.45829637e+00 
 2.22749603e+01 -9.64596589e+00 
 2.22849603e+01 -9.82400886e+00 
 2.22949603e+01 -9.98782359e+00 
 2.23049603e+01 -1.01331039e+01 
 2.23149603e+01 -1.02510920e+01 
 2.23249603e+01 -1.03386219e+01 
 2.23349603e+01 -1.03942533e+01 
 2.23449603e+01 -1.04346836e+01 
 2.23549603e+01 -1.04633735e+01 
 2.23649603e+01 -1.04912811e+01 
 2.23749603e+01 -1.05130560e+01 
 2.23849603e+01 -1.05359370e+01 
 2.23949603e+01 -1.05539908e+01 
 2.24049603e+01 -1.05737437e+01 
 2.24149603e+01 -1.05889278e+01 
 2.24249603e+01 -1.06060507e+01 
 2.24349603e+01 -1.06188467e+01 
 2.24449603e+01 -1.06337782e+01 
 2.24549603e+01 -1.06445624e+01 
 2.24649603e+01 -1.06576392e+01 
 2.24749603e+01 -1.06667222e+01 
 2.24849603e+01 -1.06782290e+01 
 2.24949603e+01 -1.06858713e+01 
 2.25049603e+01 -1.06960467e+01 
 2.25149603e+01 -1.07024671e+01 
 2.25249603e+01 -1.07115123e+01 
 2.25349603e+01 -1.07168954e+01 
 2.25449603e+01 -1.07247653e+01 
 2.25549603e+01 -1.07294174e+01 
 2.25649603e+01 -1.07365299e+01 
 2.25749603e+01 -1.07402305e+01 
 2.25849603e+01 -1.07468463e+01 
 2.25949603e+01 -1.07499084e+01 
 2.26049603e+01 -1.07559305e+01 
 2.26149603e+01 -1.07584485e+01 
 2.26249603e+01 -1.07639637e+01 
 2.26349603e+01 -1.07660172e+01 
 2.26449603e+01 -1.07710989e+01 
 2.26549603e+01 -1.07727551e+01 
 2.26649603e+01 -1.07774655e+01 
 2.26749603e+01 -1.07787816e+01 
 2.26849603e+01 -1.07831734e+01 
 2.26949603e+01 -1.07841977e+01 
 2.27049603e+01 -1.07883155e+01 
 2.27149603e+01 -1.07890891e+01 
 2.27249603e+01 -1.07929709e+01 
 2.27349603e+01 -1.07935286e+01 
 2.27449603e+01 -1.07972064e+01 
 2.27549603e+01 -1.07975771e+01 
 2.27649603e+01 -1.08010767e+01 
 2.27749603e+01 -1.08012791e+01 
 2.27849603e+01 -1.08046014e+01 
 2.27949603e+01 -1.08045650e+01 
 2.28049603e+01 -1.08074322e+01 
 2.28149603e+01 -1.08059987e+01 
 2.28249603e+01 -1.08048930e+01 
 2.28349603e+01 -1.07881251e+01 
 2.28449603e+01 -1.07243320e+01 
 2.28549603e+01 -1.05163993e+01 
 2.28649603e+01 -1.03114956e+01 
 2.28749603e+01 -1.00308373e+01 
 2.28849603e+01 -9.75153562e+00 
 2.28949603e+01 -9.39128690e+00 
 2.29049603e+01 -9.02679103e+00 
 2.29149603e+01 -8.57548337e+00 
 2.29249603e+01 -8.11384882e+00 
 2.29349603e+01 -7.55854966e+00 
 2.29449603e+01 -6.98589048e+00 
 2.29549603e+01 -6.31257088e+00 
 2.29649603e+01 -5.61482909e+00 
 2.29749603e+01 -5.14341506e+00 
 2.29811850e+01 -4.93969616e+00 
 2.29872321e+01 -4.74103446e+00 
 2.29938647e+01 -4.52425761e+00 
 2.30038647e+01 -4.19942277e+00 
 2.30138647e+01 -3.87712930e+00 
 2.30238647e+01 -3.55726548e+00 
 2.30338647e+01 -3.23986100e+00 
 2.30438647e+01 -2.92482426e+00 
 2.30538647e+01 -2.61219187e+00 
 2.30638647e+01 -2.30186959e+00 
 2.30738647e+01 -1.99389684e+00 
 2.30838647e+01 -1.68817881e+00 
 2.30938647e+01 -1.38476042e+00 
 2.31038647e+01 -1.08354535e+00 
 2.31138647e+01 -7.84584077e-01 
 2.31238647e+01 -4.87778605e-01 
 2.31338647e+01 -1.93185457e-01 
 2.31438647e+01  9.92953185e-02 
 2.31538647e+01  3.89600693e-01 
 2.31638647e+01  6.77832862e-01 
 2.31738647e+01  9.63921710e-01 
 2.31838647e+01  1.24797199e+00 
 2.31938647e+01  1.52990580e+00 
 2.32038647e+01  1.80983078e+00 
 2.32138647e+01  2.08766043e+00 
 2.32238647e+01  2.36350562e+00 
 2.32338647e+01  2.63727020e+00 
 2.32438647e+01  2.90906867e+00 
 2.32538647e+01  3.17879400e+00 
 2.32638647e+01  3.44656467e+00 
 2.32738647e+01  3.71226120e+00 
 2.32838647e+01  3.97600648e+00 
 2.32938647e+01  4.23766655e+00 
 2.33038647e+01  4.49736911e+00 
 2.33138647e+01  4.75496317e+00 
 2.33238647e+01  5.01058157e+00 
 2.33338647e+01  5.26405288e+00 
 2.33438647e+01  5.51551530e+00 
 2.33538647e+01  5.76477243e+00 
 2.33638647e+01  6.01196773e+00 
 2.33738647e+01  6.25687358e+00 
 2.33838647e+01  6.49963804e+00 
 2.33938647e+01  6.73999331e+00 
 2.34038647e+01  6.97809030e+00 
 2.34138647e+01  7.21360770e+00 
 2.34238647e+01  7.44669521e+00 
 2.34338647e+01  7.67695723e+00 
 2.34438647e+01  7.90453344e+00 
 2.34538647e+01  8.12891949e+00 
 2.34638647e+01  8.35022564e+00 
 2.34738647e+01  8.56777726e+00 
 2.34838647e+01  8.78161080e+00 
 2.34938647e+01  8.99076037e+00 
 2.35038647e+01  9.19507927e+00 
 2.35138647e+01  9.39304275e+00 
 2.35238647e+01  9.58402454e+00 
 2.35338647e+01  9.76526395e+00 
 2.35438647e+01  9.93478572e+00 
 2.35538647e+01  1.00862743e+01 
 2.35638647e+01  1.02154040e+01 
 2.35738647e+01  1.03121325e+01 
 2.35838647e+01  1.03790971e+01 
 2.35938647e+01  1.04214389e+01 
 2.36038647e+01  1.04555482e+01 
 2.36138647e+01  1.04813275e+01 
 2.36238647e+01  1.05068630e+01 
 2.36338647e+01  1.05274117e+01 
 2.36438647e+01  1.05490493e+01 
 2.36538647e+01  1.05662507e+01 
 2.36638647e+01  1.05849036e+01 
 2.36738647e+01  1.05994116e+01 
 2.36838647e+01  1.06156030e+01 
 2.36938647e+01  1.06278567e+01 
 2.37038647e+01  1.06419737e+01 
 2.37138647e+01  1.06523247e+01 
 2.37238647e+01  1.06646878e+01 
 2.37338647e+01  1.06734289e+01 
 2.37438647e+01  1.06843061e+01 
 2.37538647e+01  1.06916830e+01 
 2.37638647e+01  1.07012996e+01 
 2.37738647e+01  1.07075193e+01 
 2.37838647e+01  1.07160654e+01 
 2.37938647e+01  1.07213023e+01 
 2.38038647e+01  1.07287638e+01 
 2.38138647e+01  1.07332923e+01 
 2.38238647e+01  1.07400231e+01 
 2.38338647e+01  1.07438460e+01 
 2.38438647e+01  1.07499118e+01 
 2.38538647e+01  1.07529591e+01 
 2.38638647e+01  1.07586291e+01 
 2.38738647e+01  1.07611598e+01 
 2.38838647e+01  1.07663486e+01 
 2.38938647e+01  1.07684381e+01 
 2.39038647e+01  1.07732155e+01 
 2.39138647e+01  1.07749275e+01 
 2.39238647e+01  1.07793522e+01 
 2.39338647e+01  1.07807408e+01 
 2.39438647e+01  1.07848627e+01 
 2.39538647e+01  1.07859737e+01 
 2.39638647e+01  1.07898351e+01 
 2.39738647e+01  1.07907074e+01 
 2.39838647e+01  1.07943442e+01 
 2.39938647e+01  1.07950107e+01 
 2.40038647e+01  1.07984531e+01 
 2.40138647e+01  1.07989406e+01 
 2.40238647e+01  1.08022110e+01 
 2.40338647e+01  1.08025287e+01 
 2.40438647e+01  1.08055992e+01 
 2.40538647e+01  1.08055667e+01 
 2.40638647e+01  1.08078090e+01 
 2.40738647e+01  1.08049634e+01 
 2.40838647e+01  1.07990839e+01 
 2.40938647e+01  1.07579360e+01 
 2.41038647e+01  1.06143542e+01 
 2.41138647e+01  1.03853287e+01 
 2.41238647e+01  1.01570063e+01 
 2.41338647e+01  9.85565608e+00 
 2.41438647e+01  9.54987924e+00 
 2.41538647e+01  9.16566142e+00 
 2.41638647e+01  8.77123680e+00 
 2.41738647e+01  8.29230808e+00 
 2.41838647e+01  7.79671225e+00 
 2.41938647e+01  7.20983567e+00 
 2.42038647e+01  6.59908394e+00 
 2.42138647e+01  5.88973846e+00 
 2.42238647e+01  5.27625346e+00 
 2.42291001e+01  5.10264832e+00 
 2.42342022e+01  4.93435950e+00 
 2.42401087e+01  4.74037380e+00 
 2.42492500e+01  4.44186463e+00 
 2.42592500e+01  4.11768967e+00 
 2.42692500e+01  3.79603602e+00 
 2.42792500e+01  3.47679958e+00 
 2.42892500e+01  3.16002354e+00 
 2.42992500e+01  2.84560193e+00 
 2.43092500e+01  2.53358341e+00 
 2.43192500e+01  2.22386036e+00 
 2.43292500e+01  1.91648718e+00 
 2.43392500e+01  1.61135434e+00 
 2.43492500e+01  1.30852225e+00 
 2.43592500e+01  1.00787919e+00 
 2.43692500e+01  7.09491992e-01 
 2.43792500e+01  4.13246423e-01 
 2.43892500e+01  1.19216251e-01 
 2.43992500e+01 -1.72715637e-01 
 2.44092500e+01 -4.62467979e-01 
 2.44192500e+01 -7.50161128e-01 
 2.44292500e+01 -1.03570565e+00 
 2.44392500e+01 -1.31922555e+00 
 2.44492500e+01 -1.60062241e+00 
 2.44592500e+01 -1.88002433e+00 
 2.44692500e+01 -2.15732293e+00 
 2.44792500e+01 -2.43265091e+00 
 2.44892500e+01 -2.70588871e+00 
 2.44992500e+01 -2.97717419e+00 
 2.45092500e+01 -3.24637513e+00 
 2.45192500e+01 -3.51363512e+00 
 2.45292500e+01 -3.77880747e+00 
 2.45392500e+01 -4.04204214e+00 
 2.45492500e+01 -4.30317566e+00 
 2.45592500e+01 -4.56236501e+00 
 2.45692500e+01 -4.81942694e+00 
 2.45792500e+01 -5.07452618e+00 
 2.45892500e+01 -5.32745579e+00 
 2.45992500e+01 -5.57838884e+00 
 2.46092500e+01 -5.82708951e+00 
 2.46192500e+01 -6.07373964e+00 
 2.46292500e+01 -6.31806733e+00 
 2.46392500e+01 -6.56026319e+00 
 2.46492500e+01 -6.80000900e+00 
 2.46592500e+01 -7.03750315e+00 
 2.46692500e+01 -7.27236589e+00 
 2.46792500e+01 -7.50480031e+00 
 2.46892500e+01 -7.73434143e+00 
 2.46992500e+01 -7.96118926e+00 
 2.47092500e+01 -8.18475437e+00 
 2.47192500e+01 -8.40521513e+00 
 2.47292500e+01 -8.62178745e+00 
 2.47392500e+01 -8.83458315e+00 
 2.47492500e+01 -9.04248499e+00 
 2.47592500e+01 -9.24542272e+00 
 2.47692500e+01 -9.44163736e+00 
 2.47792500e+01 -9.63055240e+00 
 2.47892500e+01 -9.80898085e+00 
 2.47992500e+01 -9.97487644e+00 
 2.48092500e+01 -1.01209362e+01 
 2.48192500e+01 -1.02431128e+01 
 2.48292500e+01 -1.03312357e+01 
 2.48392500e+01 -1.03917848e+01 
 2.48492500e+01 -1.04301397e+01 
 2.48592500e+01 -1.04629995e+01 
 2.48692500e+01 -1.04871988e+01 
 2.48792500e+01 -1.05129193e+01 
 2.48892500e+01 -1.05326689e+01 
 2.48992500e+01 -1.05540827e+01 
 2.49092500e+01 -1.05706088e+01 
 2.49192500e+01 -1.05892551e+01 
 2.49292500e+01 -1.06031588e+01 
 2.49392500e+01 -1.06193659e+01 
 2.49492500e+01 -1.06310631e+01 
 2.49592500e+01 -1.06452456e+01 
 2.49692500e+01 -1.06550804e+01 
 2.49792500e+01 -1.06675433e+01 
 2.49892500e+01 -1.06758018e+01 
 2.49992500e+01 -1.06868089e+01 
 2.50000000e+01 -1.06855504e+01 
